4759,4138,2067,448
152,117,58,7
2161,1918,567,77
184,133,51,8
179,146,57,8
95,94,36,1
98,77,24,7
362,345,69,11
123,113,55,5
21,15,12,3
480,428,175,21
7,6,4,1
16,6,5
580,534,187,33
15,10,2,1
14,11,5,1
13,12,6,3
632,482,177,32
21,7,5,2
611,546,189,35
31,25,9,1
13,5,5,2
13,9,8
658,518,180,21
646,528,170,29
623,587,187,37
634,513,178,29
3932,3436,1479,315
1004,917,273,60
58,55,26,7
16,15,10

4,3,1
3,1
5,3,1,1
40,27,19,4
12,12,5
8,1,1
9,7
7,4
10,4,2
9,4,2
5,2
2
7,6
73,70,9,3
2,2
1,1


812,719,222,62
50,43,9,1
13,4,2
2,1
3,2,1
29,20,11,3
10,5,1
2
3,2
2
2
4,3,2
2
31,26,10,1
7,5,2
6,3,3
1,1
2
4,3,2,2
2
2
1,1
1,1
7,2,1
2
2
1,1
30,29,14,7
6,3,1
1,1
2,1
1,1
1
957,812,236,49
68,64,14,10
22,17,8,4
1,1

3,1,1
1,1
2
1,1
1,1
1,1
1,1
2
1,1
1,1
8,4,3
2
2
8,2,1
2
2
2
2
10,2,1
2
2
1,1
2
1,1
2
2
1,1
2,1
1,1
2,1
2
2
8,4,1,1
2,1
2
6,4,2
8,2,1
2
2
1,1
2
2
47,44,17,6
10,2,2,2
1,1
2
2
7,3,2
1,1
3
2
1,1
2
1,1
1,1
2,2,1
2,1
4,1
2,1
86,58,10,3
12,12,4,1
3,2
2,1
2
1,1
1,1
2
2,1
2
2
5
1,1
2,1
2
2
2,1
1,1
4
4
3
2
2
3
2
3
2
2
2
2
2
2
2
2,1
2,1
2
1,1
2
1,1
2
13,7,3,1
2
2
1,1
4,2
1,1
2
2
3
2,2
1,1
2
3
4
5
2
3
2
2,2
2
1,1
2,1
1,1
2
2
8,4,1
2
2
2
1,1
1,1
2,1
2
2
2
2
1,1
2
2
8,7,1
2
3,1
2
3
3
2
2
1,1
2
1,1
2
2
2
2
1,1
1
606,559,199,53
89,70,14,5
27,24,7,2

6
2
2
1,1
2
2,1
1,1
1,1
2,1
2
1,1,1
2
1,1
3
11,8,2,1
1,1
2
2
2
2
2
3
2,1
2
2
7,6,1,1
1,1
1,1
2,1
5,5
2
2
2
2
2
2
3
2
3
2
45,25,11,6
12,6,3,1
3
2
2
2
6,6,1
2
7,2,1
4,2
2
3,2,1

397,330,160,37
40,32,11
8,7,1
5
2
2
1
4,4,1
20,16,7,3
6,4,2,1
5,3,3
5,3,1
6,5
1

446,359,175,34
50,43,16,1
7,6,5
4,3,1
17,15,4,1
8,3,1
2,2,1
6,2,1
3
1

656,551,207,33
39,30,14,3
12,8,1
5,3,2

5,3
5,2,2
5,4,1
6,1
4,3,2

1
1044,883,247,46
39,34,16,5
8,3,1
4,4,1
4,3,1
7,4
5,2
2
16,16,7,1
5,2
9,1
2,1,1

426,373,185,25
45,35,16,3
5,4,3
2
3,2,1
6,4,4,1
2
6,2
4,1


329,247,151,40
39,30,10
4
5,4,2
4,1
3,2,2,1
3,3
4
3,2,2
4,2,2,1
1,1

6,2,2
6,3,3
2,2,1

1
4175,3606,1747,334
3133,2653,884,108
988,784,243,35
13,6,4,2
2,1,1
79,67,28,3
141,105,50,4
117,106,24,3
90,63,16,2

162,117,42,6
167,135,52,6
131,95,52,1
123,108,50,1

87,86,33,1
88,68,19,3
1
354,340,64,9
773,614,103,17
114,105,49,4
14,4,3,1
5,3
6,6,1
6,4,3
4,4,1
326,217,121,30
37,33,10,1
6,4
23,14,8,2
7,3,2,1
4,2
2,1
4,3
307,214,88,28
47,33,8,2
5,4
17,13,6,4
4,3
351,326,134,48
71,58,25,9
2,1
16,11,7
308,256,101,39
35,27,11,7
376,312,132,31
52,44,14,2
2,1,1
5,1
28,16,16,3

295,289,100,32
37,36,4,4
27,23,12,3
1,1
3,1
2,1
2,2
405,361,351,42
42,35,8,2
1,1
3
3,2,1
3
2,1
386,368,348,63
53,52,47,6
2,2,1,1

3
1
4,2
2,1
2,1
24,20,9,5
3,3
1,1

2,2,1
366,299,100,46
40,36,5,5
8,2
1
2,1

2
2,2
1,1
2,1,1
4
1,1,1
2,2
3,2,1,1
3,1
1
1,1
2,1,1
3,2
2
2,1

4,2,1

6,2,1

1,1
2405,2243,936,272
562,531,159,50
58,57,24,5
7,2,1

1,1
3,1
1,1,1
1,1
5,1
30,19,9,8
2
4
2,1
3,1
1,1
2,1
2
2,1,1
2,2
3,1
2,1
12,7,1,1

313,308,120,60
50,49,13,6
7,5
1
3,1
21,19,8,7
1,1
1
2,1,1,1
2
4
2,1
3,2
2,1
1,1
2,1,1,1
1,1
207,157,70,28
49,44,8,3
4,3,1

2,2
15,13,9,3
1,1

151,149,59,20
43,28,6,1
1,1
172,122,58,25
36,21,6,2
2,1
1,1
190,171,86,25
53,44,10,4
10,6,5,5
174,146,61,25
35,31,8,1
4,1,1
1

11,10,5,4
176,161,70,28
33,23,7,4
1,1
22,16,12,5
140,133,73,23
30,19,6,6
1,1
1,1
158,123,62,17
44,29,5,4
1
4,1
9,4

3,2

2043,1746,849,215
309,259,87,20
33,25,7,1
12,8,3
2
9,7,3,2
1,1
2
7

167,144,71,29
32,17,3,3
1
13,12,6,5
2
9,8,5,1
1,1
166,148,73,25
33,21,6,2
2
3
3,1
11,11,8,1
24,10,4,3
2
17,7,6,1
2
1,1
146,140,74,21
31,21,8,1
1,1
148,120,49,25
27,21,6,2
14,8,3,3
1,1
15,5,3,1
170,144,110,27
44,35,11,3
15,11,10
1,1
10,9,9,6
14,12,12,1
130,123,58,21
27,21,10,3
2
146,138,70,24
36,29,1
17,12,7,3
2,2
13,11,6,1
17,7,4,1
2
129,120,65,23
33,23,3,1
2
35,23,9,1
5,2,1

11,6,4

2,2


2165,1909,961,220
424,338,124,32
30,30,24,3
2,1
144,138,90,23
26,26,7
1
145,139,86,21
25,21,12,1
150,132,75,19
31,20,3,3
139,135,70,22
25,21,8

133,130,81,24
37,37,11,5
2
1,1
138,114,84,30
25,22,5,1
131,115,79,28
20,19,7,1
137,130,90,11
22,20,8,1
16,11,7
168,127,93,20
33,28,3,1
1,1
3
2,2

7,2,1
1

1
2260,1972,963,207
344,318,131,33
41,35,18,6
7,4
187,179,113,24
31,29,11,1
9,5
48,40,13,5
118,114,84,18
28,18,9
1,1
2
10,8,6,2
20,17,10,3
2
167,132,84,24
36,21,8,3
2
12,10,7,2
1,1
2
152,112,76,19
28,13,9,2
2
160,105,77,14
38,16,11,5
1,1
28,24,12,2
36,18,4,1
2
2

6,3,2
2
1

2548,2210,1083,225
297,273,92,32
23,19,9,4
3,2
157,119,71,25
27,23,6,2
2
1,1
22,17,2
147,147,81,20
30,29,5,3
2
2
31,20,8
44,30,11,1
22,20,10,1
22,21,9,8
25,19,14,1
140,116,114,21
27,16,6,1


6,3
5,3,1

2053,1845,1063,216
322,272,154,27
21,18,17,6
2
4,1
1,1
4,1
160,139,127,18
25,22,13,2
2
22,18,5,2
133,115,85,27
25,25,12,2
2,1
2
128,114,105,24
22,18,6,3
173,133,96,25
43,29,14,7
135,128,118,27
25,24,5,4
22,19,11,2
35,14,13,2
144,123,64,26
24,21,5,3
2
1,1


2038,1666,839,222
318,280,73,23
32,20,12,3
5,3
31,14,8,1
2
14,7,5,1
149,109,68,26
26,22,9,1
2
2
21,17,4,2
1,1
153,137,66,25
27,21,7,2
154,108,69,33
33,22,8,5
30,17,7,1
11,10,3
32,23,5,2
159,138,81,38
28,25,9,2
2
137,115,79,40
21,18,8,6
2
1
4748,4130,2048,447
2
4,2
4,1
2
3,2
36,2,1
3
3
2,1
120,104,58,6
7,5,3,1
5,3,1
3
892,812,318,284
50,39,10,1
2,1
2
2,1
2,1
13,7,1
43,14,2,2
3
7,3,1
3,2

2,1
2
14,2
3,2
506,440,38,28
17,16
4
2,1
8,5,4,1
8,1
145,143,35,15
1,1
2,1
5,3,2
49,44,6,6
12,8,5,2
1,1
2
18,5,2
853,338,181,15
2
7,3
2

16,12,2,1
2,2,1
8,5,5
1,1
9,2
8
56,38,21,10
2,2
2
1,1
8,4,4
6,1
65,64,33,11
6,6,6
2,1,1
10,6,5

9,4,1
1,1,1
8,7,3,1
7
3,2
1,1
113,109,45,1
113,109,35,1
2


1
2,1
14,8,5,2
2
984,868,402,99
1,1
184,84,33,14
17,14,1,1
2,1
3,1
2,2
20,12,10
1,1,1
2,1
7,2,2
2,1,1
4,2
2,1
1,1
142,127,25,1
114,104,17
4
2,1
3,2,2,2
10,3,1
5,2
27,20,9,5
5,4,2,1
106,77,22,4

5,3,1
4,1
2,1
100,39,36,12
6,1
17,7,6,3
69,31,28,5
48,25,16,3
3,2,1
2,1,1
10,3,3
2,2
3,2
21,6,6
9,7,3,2
1,1
8,7,1
19,15,11,1
13,9,8,1
27,9,7,1
3,2
5,3,1
5,2,1
13,8
1,1
3,2
2
3,1
2
13,7,1
39,7,4
52,30,13
16,4,2

1,1
8,3,2,1

20,13,9
32,22,20,1
31,18,10,1
2
23,7,4,3
20,3
2
42,9,8
33,2,1
2
3,1,1
9,4
2
5
1,1
2,1
5,1
14,5,1,1
7
1,1

5,2
33,14,8,1
68,21,9,1
2
2
40,13,7
3
2
7,5,1
2
22,13,1,1
73,36,10,4
3
5,4,1,1
5,2,1
20,11,5,1

8,2
4,1,1
8,8,3

2,1,1
12,4,1
3,1,1

2,2,1
5,1
2
3,3
7,3,3
7,5,1,1
6,5,1
2,1
18,13,9
5,4
2,1
61,22,13,1
1,1
17,4,3
26,12,3
6,5,3,1
1,1
886,819,546,227
201,110,29,13
145,144,48,2
12,9,7
2,1,1
8,4,1,1
2,1
13,3,2
2,1
2,1
7,2,2
12,11,6
24,23,7,1
18,3,2
2,2
1
10,3
8,2,2
1,1

7,6,2
5,5,4,4
5,5,4,4
1,1
4,1
96,95,26,3
18,13,13,3
15,13,13,3
12,2,1
2
6
5,2,1,1
1,1
3,2
41,23,15,11
1,1
1,1,1
48,17,9,4
2,2
8,7,2
3,2,1
1,1,1
38,2,1
2,1
5,3,1
4,1
6
8,2
2
61,49,44,3
11,10,4,2
3,2
2,1
2

2
2
13,3,2
4
42,39,4,2
3,1
3,1
10,4,4
1,1,1
315,36,3,2
6,4,1,1
226,219,19,6
5,3,2
2,1
1,1
2
4,2,1
11,1
4
4759,4137,2067,448
3
62,5,5
2,1
97,94,31,5
2,1
76,76,21,2
4
901,780,354,163
26,15,4,1
3
885,762,330,162
14,4,1,1
1,1
2
6
37,21,6,2
2
3,1
9,3,2,2
4,4,2
11,2
2
2,2
5,2
22,13,7,2


3,2
1,1
33,20,14
88,78,30,3
3,1
477,424,330,169
2,1
3,3,3,1
76,42,40,5
8,1
16,9,6,1
7,7,3
3,1
3,1
3,2,1
22,20,4,1
26,4,2
1
5,5,3
1,1
73,30,11,1
11,4,1
169,83,71,4
2,2
14,6,3
6,5
9,2,1
1,1
8,6,6,1
7,1
11,4,2
3
1,1
3,1
48,46,27,2
2,1
18,1
11,1
253,203,10,5
23,4,2,1
3
18,5,2
41,2,2
11,2
30,27,20,1
8
3
4,1

3
2,2,1
3,1
233,206,35,14
18,15,5
251,248,46,28
3
1394,1362,541,177
31,29,12,4
2

3,2,1
2,1,1
26,9,5,3
1,1
547,449,55,11
4,2,1
99,89,13,5
3
32,31,6
3
187,53,8,3
4,2
3,1
2
6,4,3
6,3,2
2,1,1
1,1
5,4,1
5,4,1
7,6,6
1
219,173,84,8
2,1
13,6,6
4
11,1
15,13,8,4
2
3,1
3
3,3,1,1
2,1
4,3
12,5,5
6
17,16,8,2
3,2
6,3
5,1
4,3
2,2
125,21,20,2
7,7,4,3
1,1
12,4,3
2
2
12,5,2
4
1,1
3
2
9,2,1
5,1
3,1
16,4,3
4
449,425,74,54
6,5,2
5,3,2
4,2
4,3,1
3,1,1
7,2
1,1
4
8
3
11,4,1,1
944,50,39,9
941,44,32,8
10,3,2
5,5,3
5,2
11,3,2,2
7,3,1
1,1
8,4,2
19,17,14
8,5
13,11,4
243,65,15,2
23,7,6,6
14,5,1,1
4,2,1
11,8

1
2,1,1
6,2
11,11
11,11
8,5,1
126,90,82,12
10,6,3,2
6,3,1
1,1
23,18,4,4
42,3,3
719,560,425,63
580,495,395,62
538,449,388,61
531,438,342,60
178,105,22,2
3
1,1
2,1
12,5,5
2,1
2
13,4,4
54,41,15,4
49,29,12
1,1
267,229,98,33
3,2
5,2,1
7,2
8,4,1
2
3
519,462,101,14
1
5,2,1
4,1
2
39,28,22,8
2,1
36,33,33,4
19,12,5
3
5,3
3
7,6,1
64,23,14,2
2
2,1
52,40,34,8
40,34,18,6
40,34,15,6
21,15,9,1
9,4,4
1,1
168,147,72,44
40,30,23
10,9,5
38,23,19,19

2
4
16,2,1

13,9,7
2,2,1
47,46,30,20
3
19,7,6
15,2,1
2
101,99,8
40,32,17,11
1,1
13,4,2,1
21,15,7,2
9,7,5

7,5,1
17,11,9
1,1
748,76,29,4
3,1,1
6,6,5,4
3,1,1
3,1
1,1
3
28,18,7
139,138,22

253,253,42,30
7,1,1

2
7,4,2
3,1
3,1,1
28,6,6,1
2,1
1,1,1
2
20,3,2
15,12,3
4,2,1
2,2
2
118,113,89,28
7,2,1
34,24,22,21
10,3,2
21,8,8,2
11,1
86,80,2,2
5,3,1
127,67,29,18
13,6,5

65,59,17,3

1,1,1,1
29,26,5,1




17
2,1,1
5,4,2,1
41,41,36,34
5,2
5,2
2
3,1,1
5,5,1
27,7,1
2,1,1
12,3,2
49,42,17,11
49,42,17,11
12,7,5,1
19,17,3,1
4,2
2,1
19,8,4
20,3,1
6,4,4,1
41,13,4
4,2
4,1
2
2,1
4,1
58,45,6,2



23,17,2,1


4,2
2
3,2,1
5,1,1

75,17,7,2
13,12,2,1
150,142,69,9

2,1,1
10,3,1
5,1

39,10,6,2
952,837,96,39
952,837,89,39
4,1
2
2
2,2
3
1,1
3
1086,218,86,24
1074,171,41,23
3
2,2,1
4,2
23,19,4,1
4,3
2,2
11,1
23,14,5,2
2
4,3,3

70,31,8,3
3,3,2
2,1
14,11,8
2
10
1,1
3,2
1,1
14,14,6,2
273,226,32,3
42,20,1
2,2

62,61,18
3
4759,4137,2067,448
4,4,1
4759,4137,2067,448

6
27,26,3,1

22,17,17,1
13,4,4

17,17,6

10,7,2
1
20,16,12
27,3,2
1,1
21,2,1,1
35,15,8,1
1,1
5,2,1
15,11,4,3
8,7,3,2
2,1,1
3,3,1
1,1
35,33,2,1
13,4,2
17,12,10,3
13,6,6,3
5,2,1
6,1
2,1
3
2,1,1
2
16,8,5
5
9,2,1,1
5
2,1
11,7,6,4
41,30,18,17
3
2

4
2
67,21,20,3
5,1
184,183,35,30
5,1
2,2,1
4,3,2
1
16,1
3
1,1
7,5,1
25,9,7,2
2,2
1475,186,40,36
704,70,16,3
183,4,2
2,1
94,44,37,13
4,3,2
2
6,3
3,3
156,56,25
4
131,126,79,29
6,3,1,1
8,6,4,2
1
2
8
7,5,1
4,1,1
19,14,10,4
8,5
18,16,9,1
2

13,10,9
84,62,15,3
6,5,2,1





































































































































































































































































































































































































































































































































9,1
9,3,3
2
3,3,1
7,7,4,1
663,582,242,127
2
2,1
3,2
7,1,1
2
5,2
7,1,1
3,1
2
1,1
170,17,8,3

1,1
5,4,3
3336,2662,1768,403
2
66,33,2,2
3,2,1,1
15,3,1
73,69,4,2
546,446,441,55

15,5,3
4,3
29,21,20,5

9,1
3,2,1
3
4
3
3,1
4,1
2,1,1
29,18,10,2

4
2,1
13,3,1
1
2
412,379,158,83
67,53,48,15
2
2
8,6,2,1
15,6,1
2
25,18,4,4
3
8,6,4
2,2
4,3,1,1
2,1
2
3
28,21,19


14,3
2,1
45,30,7


10,4
115,99,14,8
39,34,3

5,1
3,1,1
5,3,1

106,10,7,2
163,115,26,3
2

2
2
13,12,12,4
5,1,1
23,15,12,4
26,14,7,2
4,1,1
93,43,23,3
15,3
6
18,11,8,1
6,3
2,1,1
4
2
4,1,1
47,16,12,2
2,1
6
10,2,1
2
2
16,12,2,1
8
4,3,1
12,7,2
3,3
3
13,6,3,1
12,3,2
42,25,8

34,33,24,1


23,2,2
20,3,1
14,11,6
4,4,3
12,11,8
3,2
5,3
3,2,2,1
70,58,7,3
2,2
109,93,20,6
2
33,21,13
104,63,9,1
24,12,11
12,7,7
574,466,246,62
4,3
505,120,119,19
3,2,1
3,2
33,6,5,2

9,2,1
6,3,3
9,9,4
1
64,50,5
11,3,2
21,18,17,1
4,2
11,7,1

105,65,42,5
14,8,6
328,248,23,6
6,4,3
369,74,15,2
7,5,1
7,1
1400,199,87,28
776,60,10,2
147,3,2

42,2,2,2
4,3,2
5,1,1
3,2,1
9,3,3
3,1
1,1,1
9,1,1
5,1,1
7,6,3,1
14,11,5,1
12,11,2
2,1
247,199,136,10
8,2,2
5,1,1
2,2,1
2,1,1
12,6,1
25,13,10,1
30,24,4,1
4040,3481,1230,226
4032,3476,1226,225
3,1
2
3,1
1,1
2,1,1
70,66,66,15
2
94,91,67,9
1,1
6,1
5,4,3
4
2
49,26,10,8
6,4,1
3,2,1
1
3
5,1,1,1
525,174,173,22
8,5,4
1,1
30,4,3,1

1,1

4,3



3
3,1
10,5

10
37,11,10
28,7,7
6,2,1

6,2
12,3,1,1
55,40,11,2
2
3,1
13,7,3
8,1
12,7,5,5
1,1
15,2
6

25,22,13,5
2,1
65,53,6
3,2,1
61,51,4

3,2,2
2,2
4

8,1
477,423,350,169
1,1
282,205,28,26


2,1

6,3,1
84,57,4,1

2,2,2
3,1
62,38,9,2
13,12,11
2,1
4,3,1,1

8,2
2,1,1
6,4
3,1
4,3
3
2
3
19,2,2
4,2
12,2,2
2
4307,3811,2010,433
2
7,1
6,1,1
15,7,5

10,3
6,1
2,1,1
189,181,50,28

2
13,2
27,5,1
2,1
26,8,7
2,1
8,3,1
1085,986,617,283
5,5,3
1012,936,574,280
23,6,4,1
14,2
2,2
2,1
16,7,6,3
2
2,2,1
8,1
2,1
2,2
35,7,6,1
31,3
12,2,1,1
1
33,27,14
12,11,5
5,1,1
12,2
3,1
111,101,26,1
48,47
2,1
30,27,13,1
17,13,7
3,3,2
16,7,7
8,5,3
5,4,3
2
3,2,1,1
8,4,1,1
112,84,34,6
4759,4137,2067,448
4
2383,2044,1222,313
529,480,376,171

1
2

4,3,2,2
9,4,2,2
2,1
18,13,11,2
3,2
5,4,1
18,14,2
7,1,1
10,6,1
6,6,5,1
1,1
2
2,2,1
373,276,69,6
10,5,2,1
16,5
68,38,24,3
2
19,3,1
15,5,4
3,1
1,1
1,1
1,1
6,2,2
4,3
2
3
1,1
679,627,38,13
4759,4137,2067,448
8,5,4
5,4
18,11,2
3
2,1
7,1
55,27,6
3,1
11,6,1,1
3
3
5
13,6,1
12,9,8,2
5,1,1
2
5,2,1
6,1
14,4,3,2
15,14,11,7
6,1
14,10,6,1
2
8,6,4
2
1,1
30,14,6,6
3,1
2
185,175,159,11
6,2,1
4
1,1
26,7,3
3,1
6,3,2
13,7,4,1

1,1
2,1

20,9,8
14,7,2,2
1
4,2,1,1
9
2
2
18,4,3,1
7,2,2
2,1
14,13,9,1
2
12,7,5
16,6,5,1
2,1
3,2,1
2
2,2,2
30,11,10,1
16,16,8,2
13,12,2
2
15,11,7
16,4,4,2
2,2,1
33,24,6,4
2,2,2,1
1,1
8,2,1
5,2,2
7
3,1
85,23,7,3
3,3,1
60,35,10
122,68,26,2
3,3,1
1,1
7,3,1
2,1
12,6,3
7,3,3
5,1
1,1

2,1
2,2,1,1
6,2,1
2,2,1
5,5,2
3,1,1
23,16,6,4

2,2
3,2,1
653,577,231,127
9
4,1,1
8,3,2

4,3,2
2,1
3
28,8,4
20,8,3
89,22,14,2
12

3,1
2,2
4,1
4
10,5,3
3,3,1
4,1
9,6,1
3
6,5,5
3,1
2
49,25,4,2
5,3,1
2
7,6,2

28,10,3
27,12,11
4,1
8,4
8,5,1,1
9,5,5,1
3,3,2
2,2,1
2,1
20,13,12,1

4,1
3,2,1
39,34,31,20
55,30,14,1
8,6,4,1
16,9,9,1
2,1
51,16,13,1
51,17,12,1
2
53,9,8,8
5,1
2,1
166,140,110,21

6,1
10,5,4
4,2
2
10,10,5
3
15,2,1
14,6,1
10,7,4
3,1,1
2
11,8,7
5,4,1
15,3,3



7,3,3
71,33,3
5
11,9
2
5,5,2,1
3,1
99,45,24,1


14,6
65,29,4
2,1
3
51,44,21,2

2,1
2
14,11,1,1
1,1
2,1,1
14,1
1
5,2
26,3,1
2,2,1
3,3,1
3,2,1
4
18,18,11,4
2,1
2,1
5,5,2,1
2
3,2,1
50,35,23,12
10,5,2,1
5
12,1,1,1
2
3
98,83,20,15
3
3,2,2
4,1,1
19,10,5,2
1,1
1,1,1
8,6,3,3
4,1
2
2
31,26,25,2
7,1
3,2,2
7,5
2
14,6,4,2
3,1,1,1
4,3
2,1
33,32,3,2
15,8,5
3
3,2
6,3
17,13,6,1
4
4,1,1
2,1
4,1,1
2
3,1
11,2,2
10,2,1,1
51,32,29,4
15,4,3
459,73,45,6
28,27,10,4
5
5
2
1
6,5,2
3
15,5,4
2
8,2,2
1,1
2,1
3
16,13,6,2
1
2,2

5,4,3,2
48,45,14,10
2
1,1
742,686,383,96
10,3
15,10,6

20,20,15,2
15,8,3
19,8,1
5,1
9,1,1
61,20,20,3
7,4,1

6,4,2
3
37,28,26,2
3,2
2
1,1
4,2,1
2
5,3,3
47,11,7
5
7
2,2,1
17
1,1
54,2,1
1,1,1
3,2,1
2
6,1,1
40,6,1
64,60,31,3
48,46,5,1


4,1

13,8,5,1
7,2,1,1
50,49,36,8
2,2,2,1
23,17,12,3
3,3,1
7
88,66,22,3
9,4,2,1
4,3
4,4,1
3,2,2
16,13,3,2
24,21,16
24,19,14
15,11,10
5,4,3
2
7,5
257,232,6,5
578,522,55,6
524,489,18,4
76,63,14,3
1
19,15,4


4,3


4,2
10,1,1,1
4,2
41,34,24,3
2,1,1
34,33,23,2

12,10,6
11,2,1
1,1
51,41,29,27
6,4,3,2
19,12,10
1,1
1,1
7,3
3,1,1
1,1
16,16,6,1
3



3,2,2
2,1
515,412,346,54
2,2
6,5
1,1
5,5,3,1
2,2,1,1
62,24,21,13
4
58
16,10,10,2
13,6,2,2
358,333,159,29
133,118,8,3

31,12,1,1
87,31,7,4
41,22,2,2


8,3,1


2
17,12,1,1
771,610,266,63
2
2,2,2
3,2
81,18,6,2
91,60,2

233,58,2,2
1,1
10,7,5,2
2,1,1

14,10,3,1
35,16,6,3
21,18,4,2
10,10,3,2
9,2

11,2
24,23,2,1
38,9,5,2
43,17,6,4
15,10,1
16,4,1
2
5,1
11,6,2,1
3
9,4,1
3
7
3
6,1
16,3,2
18,1
247,163,105,15
5,2
15,5,2
7,1
6,1,1
9,3,2,2
6,2
4,3
1,1
2
1,1
13,13,9,1
9,7,2
11,2,1
14,3,2
1,1
1,1
3
119,67,21,2
1,1
3,2,1
30,7,5
20,2,1
1,1
2,1
3656,3187,1181,364
3,1
3,2,2,2
2
7,4,1
4,1
4,3,3,1
12,8,5,2
2
11,6,5
11,2,1
4,1
15,12,11,1
12,11,7,1
27,18,11,1
19,17,2,1
2,2
14,13,10,4
16,16,8
1,1
7,2
4,3,1
2
4,3,1
3
2,2,1
1,1
24,23,21
15,10,1
226,214,192,107
7,6,2
2
2,1,1
7,3
2
5,1,1
3,3
64,64,3,1
13,2,1
10,1
2
32,29,3
10,8,2,1
70,29,4
46,14
7,6,1
10,5,2
10,1
77,41,13,7
41,7,4,3
2
14,8,7,3
5,2,1

5,2,1
17,6,3,1
3
3
1,1,1
3
44,6
6,1,1
6,1,1
2
2,2
3,1
1,1
2,1,1
42,41,25,22
71,26,18,1
2
1,1
3,1,1
4,2
5,3,1
24,16,16,1
7,2,1
1,1
2
1,1
7,6,3
8,5,3
3
1,1
3,2,2
2
6,3,1
5,1
10,9,8
38,31,30,2
4
2,1
17,12,7,5
46,19,4,2
18,6
2
5,1
29,15,7,2
7,4,2,1
41,6,2,1
15,4,4
15,12,10,4
1,1
11,9,7,1
6,6,5,1
6,1,1
3,2,1

4,3,2
170,142,31,5
3
46,19,5,2
2,1
13,9,4,4

2,2
31,20,19,2

2,1
24,4,3
4,4,1
2
82,77,75,2
14,13,7,1
8,2,2
3,1,1
45,43,12



6,2,1
1,1
6,3
65,47,5,2






2,2
19,7,3
906,779,322,197
7,6,2
6,1,1
25,23,22
4,3
556,438,377,57
3,1
18,11,5
3,2
70,68,27,22
3
41,9,6,1
5,1,1
26,2,2
1,1
64,26,11
4,2,1
30,13,11
3,2
21,15,2
31,28,19,1
406,376,135,125
31,27,24,6

7
1,1
2,1
5,2
2
39,23,23
66,57,35
3,1,1
4
14,9,3
3,3,2
2,1,1
19,5,3
3
46,18,17,2

4,1
3
2
56,13,2,1
10,2,2
8,8,4
70,64,32,2
96,61,12,3





1

9,1,1
430,427,272,65
35,18,13,2
34,12,4
8,2,2
736,579,301,35
2,1
18,8,5,1
3
6,6,4,1
40,30,21,3
3,1
4,3,2
5
3,1
3,1
2
11,5,1
2,1
1,1
4,1,1
2,1
1360,169,164,35
2,1
25,7,1,1
10,9,3
14
14,2,1,1
2,1
71,28,19,1
1255,1152,736,260

12,5,2,1
17,15,8,3


3
34,4,2,1
10,9,4
10,2,1
6
4,1,1
2,1
3,2
2,2,1
1,1
2,1

38,34,27,7
2
2
8
1,1
12,9,7,1
6,4,2
9,5,5
21,20,8
6,4
2,1
30,22,11,6
8,6,2
4,3,1
2
2,1,1
10,1
37,35,15,1

3,1
1,1
2891,2465,616,75
5,1
6,4,3
6,3,2
59,23,10,8
9,1
195,179,12,11
49,23
52,12,6,2
3,1
14,3,3
30,8,2,1
2
626,446,55,27

3,1,1

41,30,12,9
45,39,13,1
148,6,4
28,4,1
22,6,3
2,2
4,2,1
4
51,48,29,1
6,6,2
2
124,100,59,8
122,100,52,8
3
2,1,1
1,1
16,10,1
9,3
7,2,1
2
4
4,1
8,2
47,13,10,2

34,21,6,2
4
19,6,3
2,1
5
3
8
189,177,99,29
107,98,52,5



27,20,5,4
6,3
4,4,2
5,4,2
21,7,5,2
28,14,1,1
2,1
22,18,8,6
4,2,1,1
3
8,1
7,4,2,2
12
