1
1.177447029
3.137127894
1.209233833
1.218520293
1.126206496
1.139987851
1.462978449
1.17410534
1.031491883
1.572067934
1.008748733
1.023162227
1.648372239
1.016817904
1.017605665
1.037651049
1.714047449
1.018817782
1.681174028
1.04473297
1.018818589
1.016345094
1.7399314
1.725457855
1.745397034
1.712822875
2.060318726
2.123189693
1.083081183
1.020091031
1
1.005039825
1.004340218
1.007244896
1.050051755
1.015087779
1.010082902
1.011327727
1.0101413
1.0125955
1.011332076
1.006275703
1
1
1.09590416
1.002519098
1.001449671
1
1
1.869405732
1.062511232
1.016374149
1.002520929
1.001685146
1.036375452
1.005046595
1
1.004348099
1
1
1.005039013
1
1.044720612
1.008815427
1.0075573
1
1
1.00503777
1
1
1
1.001449671
1.01014537
1
1
1.001260464
1.039343097
1.003033263
1.002902148
1.002899342
1
1
2.007609369
1.097405525
1.031772291
1.001449671
1
1.002303475
1
1
1.001449671
1.001449671
1.001260464
1.001260464
1
1.002902148
1.001449671
1.005798115
1
1
1.010081276
1
1
1
1
1.00404435
1
1
1.001449671
1
1.001449671
1
1
1
1.002520929
1.001260464
1
1
1
1.010077056
1.002520929
1
1.004392836
1.010081276
1
1
1.002902148
1
1
1.060705684
1.01259632
1.001260464
1
1
1.010142396
1
1
1
1.001449671
1
1
1.001260464
1.001348117
1
1.005041858
1.002520929
1.107269029
1.01509057
1
1.002520929
1
1
1
1
1
1
1
1
1
1.002899342
1
1
1.002520929
1.001260464
1
1
1
1
1
1
1
1
1
1
1
1
1
1
1
1
1.002899342
1
1.001260464
1
1
1
1.016362899
1
1
1
1
1.001260464
1
1
1
1.002898733
1.001449274
1
1
1
1
1
1
1
1.002520319
1
1.001449671
1
1.001260464
1
1
1.010078025
1
1
1
1.001260159
1.001449671
1.002520929
1
1
1
1
1
1
1
1.005055438
1
1.003781393
1
1
1
1
1
1.001260464
1
1
1
1
1
1
1.001449671
1
1.780718099
1.106265659
1.034258607
1
1
1
1
1
1
1.026779241
1.001449274
1.001449274
1
1
1.000674058
1
1.001449671
1
1.012781607
1.001260464
1
1
1
1
1
1
1.002520929
1
1
1.008814771
1.001260464
1.001260464
1.002899342
1.006296228
1
1
1
1
1
1
1
1
1
1
1.046765195
1.012116566
1
1
1
1
1.007556081
1
1.003033263
1.005797466
1
1.004348016
1
1.460877516
1.050081283
1.005055438
1
1
1
1
1.002696233
1.025116839
1.008691483
1.00629775
1.002696233
1.007555474
1
1
1.499298163
1.062469942
1.020294181
1.005039825
1.024581815
1.011593009
1.002520319
1.008696031
1
1
1
1.728731723
1.048822633
1.015107285
1.002694928
1
1
1.007245631
1.003033263
1.007547729
1.002358062
1
1
2.155176336
1.05612148
1.011593009
1.005795655
1.002359204
1
1.006300799
1
1.021519681
1.014506773
1.011344179
1.002898838
1
1.490022828
1.064764524
1.006296734
1
1.001682198
1.007554381
1
1.007560958
1.005041858
1
1
1.387485141
1.056217683
1
1.00629775
1.005040636
1.008703614
1.003779565
1
1.002196418
1.005795917
1.001449274
1
1.007558016
1.0075573
1.026776682
1
1
1.764278475
2.785896347
2.046801796
1.016360435
1.002519533
1.097463609
1.173519952
1.144561112
1.112087733
1
1.184981783
1.204440536
1.161486648
1.174448598
1
1.107708489
1.126019126
1
1.456076168
1.867053421
1.161706791
1.040603817
1
1.008690933
1.017402843
1.005039013
1.343211783
1.053324586
1
1.028893082
1.010141459
1.005797466
1
1.005796247
1.36785747
1.058873159
1
1.021358978
1.00503942
1.417300964
1.085595678
1
1.023138437
1.422279847
1.041373936
1.440203784
1.06496874
1.002899102
1.006302322
1.042332358
1
1.348391446
1.046339943
1.033846334
1.001449274
1
1.002899342
1.002520319
1.452742684
1.060522238
1.001449671
1
1.008705336
1
1
1.588291125
1.065766172
1.009540588
1
1
1
1.011605419
1.005792557
1
1.030103823
1.003776818
1.001449671
1
1.002898677
1.430576988
1.050082076
1
1
1.002899342
1
1
1.005803075
1.001260464
1.002899102
1
1.000966759
1
1.040163913
1
1
1.001260159
1.001962082
1.004348099
1
1.002520929
1
1.005040638
1
1.007559666
1
1.001449671
2.473275919
1.667619356
1.083104306
1.003033263
1
1.013389621
1.003781393
1.001449551
1.001260464
1
1.043283991
1
1
1.002899342
1.004349013
1.002902056
1.002520929
1
1.001447206
1.005803075
1.003781393
1
1.012795908
1
1.378592146
1.066107047
1.00881472
1
1
1.026712438
1.001449274
1
1.002020406
1
1
1.002899342
1.004348099
1.005804295
1.001449671
1.002898756
1.001260464
1.250976237
1.061266972
1.005039825
1
1.002898733
1.018840472
1.001449274
1
1.183851891
1.053927867
1
1.189955304
1.038298329
1.002520929
1
1.231595507
1.064965039
1.01257737
1.211723927
1.043861612
1.005797676
1
1
1.013828853
1.213257013
1.037532995
1.001446739
1.025409222
1.196605879
1.032775604
1.001260464
1.001260464
1.222734149
1.063465646
1
1
1
1
1.004348099
1
2.417328428
1.368145895
1.039004423
1.034790025
1
1.026091271
1
1
1
1
1.202826532
1.040205135
1
1.016333336
1
1.011437877
1
1.201549087
1.036282628
1
1
1
1.014791192
1.03018114
1
1.021387972
1
1.001446739
1.177570407
1.044763868
1.001449671
1.173550008
1.032251225
1.014776019
1.001449671
1.018885953
1.205278143
1.055065269
1.018847532
1.001449671
1.01256221
1.040529889
1.164226632
1.032183776
1
1.183152044
1.045168246
1.024575037
1.002520319
1.016345654
1.021394415
1
1.157554443
1.037695984
1
1.04390804
1.007245702
1
1.013846109
1
1.002520319
1
1
2.461812749
1.494873368
1.086551566
1.002899342
1.174701319
1.01747462
1
1.203136152
1.03607996
1.18269118
1.038931101
1.195256967
1.031371917
1
1.161759344
1.046276839
1
1.001449671
1.160801643
1.03610986
1.159649597
1.026227112
1.166728134
1.02823773
1.020113788
1.204168409
1.041405263
1.001449671
1
1.002898733
1
1.004350415
1
1
1
2.529818527
1.402283307
1.050686854
1.0101413
1.259366271
1.044695894
1.013036072
1.069043886
1.150135017
1.035147925
1.001260464
1
1.017355495
1.025101679
1
1.202953121
1.045169378
1
1.015086022
1.001260464
1
1.170989126
1.035174187
1
1.195780211
1.036116651
1
1.035099902
1.03634089
1
1
1
1.008693482
1
1
1
2.56235902
1.352104205
1.033202732
1
1.191544042
1.03388215
1
1.001260464
1.013137776
1.178424501
1.037612723
1
1
1.038907476
1.049715976
1.027607678
1.031732823
1.031358148
1.169848505
1.033923083
1
1
1.008694371
1.007245631
1
2.372962356
1.373590688
1.060690465
1
1.011608591
1
1.005798685
1.191395596
1.031343936
1
1.027632692
1.161960976
1.036055042
1.002520929
1
1.154684456
1.031781062
1.209785871
1.053805637
1.16321966
1.032857358
1.027514479
1.043934571
1.175738284
1.030208994
1
1.001260464
1
1
2.516255877
1.378265968
1.040132366
1
1.038948725
1
1.014129142
1.182122669
1.032622329
1
1
1.025544617
1
1.186992413
1.033887267
1.188029882
1.041386502
1.037680944
1.007070761
1.040162687
1.187873248
1.040398392
1
1.166650248
1.030315538
1
1
1.025193399
1
1.005797466
1.005798685
1
1.008704064
1.481930957
1
1
1.005804295
1.147471891
1.008813445
1.014507263
1
1.885587086
1.062564694
1.002898549
1
1.002899342
1.002898549
1.006728793
1.038335523
1
1.020310168
1.003778648
1
1.005804295
1
1.040621528
1.008704613
1.606590161
1.024566716
1
1.002520318
1.01158386
1
1.204668056
1.001449671
1.002899342
1.014505632
1.062206758
1.03477718
1.002902148
1
1.010103523
2.146031078
1
1.020304572
1
1
1.023151773
1.001348117
1.010069898
1.002896278
1.026112192
1
1.061753058
1.002897146
1
1.013386378
1.02320118
1.017412337
1.092849085
1.005266305
1.001450138
1.005382026
1
1.004381379
1.001260363
1.010069476
1
1.003780479
1.001449274
1.147916614
1.148278766
1
1
1
1
1.005804295
1.019282978
1
1.989509485
1.002902056
1.227413708
1.021381529
1.005804112
1.008706443
1.002898733
1.057911597
1.001260363
1.005804112
1.008819694
1.002520725
1.005040639
1
1.013389621
1.174912047
1.140924926
1
1.005804112
1.040156584
1.012599563
1
1.031339366
1.006059751
1.131572518
1
1.003867036
1.005041858
1
1.287573355
1.017412337
1.057196904
1.198918571
1.138676333
1.008702576
1.026777081
1.0125955
1.005803075
1.004348099
1.060875692
1.026091271
1.013386378
1.010073149
1.032802024
1.018803041
1.039057852
1.008704613
1.006299782
1.006300798
1.018817999
1.001260159
1.008704613
1
1.008706443
1
1.006728793
1.049082827
1.150213873
1.046412801
1
1.002902148
1.007406363
1
1.011078896
1.036199944
1.032928032
1
1.066663405
1.058013063
1
1.022370965
1.095758701
1
1.001757559
1.026099565
1
1
1.001260464
1.005804295
1.014510738
1.040608166
1
1.002902148
1
1.006300799
1.045358299
1.098178155
1
1
1.050268214
1
1
1.0203056
1
1.023571409
1.072616398
1
1.007243899
1.007246693
1.057949541
1
1.023212302
1.005040877
1.005387247
1
1.00580421
1.005392467
1.003781088
1
1.001933518
1.014510738
1
1
1.010140909
1.010534858
1.0174048
1.005804112
1.026015447
1.006297752
1
1.17638609
1.001260159
1.049308054
1.075344456
1.017399772
1.001260159
1.84974395
1.205219327
1.177480772
1.034770449
1.005803285
1.023207151
1.002520929
1.037714642
1.002899342
1
1.020310168
1.015087779
1.069435081
1.010148835
1.002519098
1
1.029006532
1.023211621
1
1
1.008809988
1.007236922
1.007236922
1.013386378
1.005798685
1.118777977
1.052087493
1.043406244
1.034821346
1
1
1.007245892
1.001260159
1
1.546653089
1
1.001449551
1.062512515
1.005802709
1.010071523
1.008705336
1.000674058
1.110267596
1.005804112
1.006299782
1
1
1.023212302
1
1.095851339
1.031875664
1.008704613
1.002520929
1
1
1
1
1.037714642
1
1.052594139
1.008706443
1.003781393
1.006146997
1.001449551
1.235801932
1.006734688
1.27448381
1.006298766
1
1.001260159
1
1.005039777
1.031922617
1
1
1
1.17976869
1
1.127122771
1.002520318
1.094392622
1
1.914499309
1.037595717
1
1.905471156
1.017384064
1.001260159
1
1
1.046445118
1
1
1.013037224
1.002694928
1.013861757
1
1
1.006300799
1.031802989
1
1
1
1
1.047610868
1.110760629
1.008706443
1.517953799
1
1.004345741
1.112985285
1
1.023148583
1.00881116
1.003780477
1.003780477
1.008705336
1.063689826
1.075420801
1
1.003367029
1.001260159
1.091455123
1.015934419
1.482271823
1.002897146
1.020272897
1.017398247
1.026116009
1
1.010066444
1.020314393
1.0319088
1
1.002902056
1.008706168
1.138214128
1.005804295
1.052238658
1.031923624
1.30852268
1.066713415
1
1.052208528
1.118959555
1
1.049925552
1
1
1.005041858
1
1
1.002898677
1.008706168
1.326000774
1.022620696
1.322257227
1
2.443285294
1.040164984
1
1
1.008705336
1.001011088
1.032696235
1.001260159
1.73698261
1.005040638
1.122808724
1
1.021181452
1
1.268759818
1.005797466
1.003773865
1
1.004831763
1.017406758
1.002899102
1
1.003033263
1.003033263
1.020291897
1
1.265110571
1.002520929
1.037684952
1
1.031923624
1.021674886
1
1.004347823
1
1.005794688
1.005804295
1.005791485
1.007462405
1
1.024561482
1
1.008694371
1.014510738
1
1.002898733
1.180175544
1.020288862
1
1.015112161
1
1
1.034805685
1
1.001260159
1
1
1.013044047
1.014510738
1.008706443
1.008783548
1
1.533033889
1.00483212
1.006298766
1.011605419
1.003075729
1.008706315
1.020310764
1.001449274
1
1
1
1.013855953
2.350336142
2.348670882
1.006282612
1.007226818
1.007246832
1.015934385
1.010142034
1
1.0232064
1.015768328
1.011587619
1.037672228
1.348372143
1.033262334
1.020280127
1.011607115
1.015922922
1
1
1.002899102
1
1
1.013831593
1.011589611
1.1408268
1.014477831
1.003954509
1.001260464
1.02749958
1.121833602
1.763699541
1.626609618
1.557830044
1.584942081
1.189409187
1
1
1.002520318
1.015104847
1
1
1.00746421
1.067467537
1.026148309
1.001449274
1.318410232
1
1.014508894
1
1.004037276
1
1
1.597589757
1
1.006300798
1.011608225
1
1.519558327
1.005804112
1.060137854
1.023888983
1
1
1
1.008815427
1.185001176
1
1.002898549
1.074548771
1.057536572
1.057560492
1.026376661
1.011332292
1.001449274
1.198299452
1.050000008
1.012579245
1.506097064
1
1
1
1.046428461
1
1.018805503
1.001933518
1.058401105
1
1.011410328
1.007469627
1
1.144151941
1.049975954
1
1.037707583
1.026380641
1.013026841
1
1.010140909
1.024577367
1.001260464
2.068329596
1.003779299
1.007547559
1.001933518
1.008706443
1.002902148
1
1.04045063
1.19682243
1
1.322766727
1.010145932
1
1
1.0203056
1.004347823
1.008706315
1.035232555
1.005804112
1.001307697
1
1.058022526
1.018865819
1.005037061
1.002520319
1
1.143627616
1.020312452
1.097986163
1.029011263
1.060840495
1.031923624
1.107057164
1.006299782
1.157374035
1.018809865
1
1.080976887
1
1.002901826
1.036386443
1
1
1
1
1
1.002899102
1.006297213
1.543547959
1.006300799
1
1
1.003781088
1.007243507
1.078303983
1.00580421
1.017885125
1.060041339
1.061127686
1.01278351
1.027470005
1
1.005804295
1.055078007
1.011117728
1.009654766
1.026086033
1.011606151
1
1
1
1.011608591
1.072542071
1
1
1
1.026932228
1
1
1.011606151
1
1.002416897
1.007247095
1
1.094188148
1.018810815
1.182861734
1
1.001011088
1.012599563
1.014510281
1
1.112989491
2.024895909
2.026158763
1
1
1
1
1
1
1
1.837548066
2.306237105
1
1.002519889
1.005797466
1.028190856
1.011602613
1.005802709
1.031923624
1.024800917
1
1.0116032
1
1.202279806
1.008699911
1.005804295
1.017596719
1
1
1.002902056
1
1.001260159
1.0175924
1.330687239
1.052773091
1.002897146
1
1.041113482
1
1.000901849
1.00350812
1
1
1
1.033887267
1
1.034172015
1.037701918
1
1.021353628
1
1.012589404
1
1.057872445
1.07833041
1
1.060931818
1.101335595
1.002902056
1.003075729
1.01886037
1.01158067
1.026777866
1.004347378
1.001260159
1.043888143
1.007467822
1.024564871
1.012751809
1.003383656
1.017412886
1.005804295
1
1.005802983
1
1.020130042
1
1.011340099
1
1.005804112
1.015708261
1.545851765
1
1
1
1
1
1.08391287
1.007246372
1.257699417
1.014510281
1.002520319
1.011604505
1
1.046434363
1
1.001449274
1.02029589
1.072429161
1.005802709
2.786400617
1.875707872
1.230418881
1.005804295
1.134536388
1.011604505
1
1.017405567
1.008702783
1.194112517
1
1.156819746
1.008693875
1.01158067
1
1
1
1.00881685
1.011606571
1.023853796
1.011587619
1.022605155
1
1
1.173735328
1.097773232
1.007555518
1
1
1
1
1
1
1
1
1
1
1
1
1
1
1
1
1
1
1
1
1
1
1
1
1
1
1
1
1
1
1
1
1
1
1
1
1
1
1
1
1
1
1
1
1
1
1
1
1
1
1
1
1
1
1
1
1
1
1
1
1
1
1
1
1
1
1
1
1
1
1
1
1
1
1
1
1
1
1
1
1
1
1
1
1
1
1
1
1
1
1
1
1
1
1
1
1
1
1
1
1
1
1
1
1
1
1
1
1
1
1
1
1
1
1
1
1
1
1
1
1
1
1
1
1
1
1
1
1
1
1
1
1
1
1
1
1
1
1
1
1
1
1
1
1
1
1
1
1
1
1
1
1
1
1
1
1
1
1
1
1
1
1
1
1
1
1
1
1
1
1
1
1
1
1
1
1
1
1
1
1
1
1
1
1
1
1
1
1
1
1
1
1
1
1
1
1
1
1
1
1
1
1
1
1
1
1
1
1
1
1
1
1
1
1
1
1
1
1
1
1
1
1
1
1
1
1
1
1
1
1
1
1
1
1
1
1
1
1
1
1
1
1
1
1
1
1
1
1
1
1
1
1
1
1
1
1
1
1
1
1
1
1
1
1
1
1
1
1
1
1
1
1
1
1
1
1
1
1
1
1
1
1
1
1
1
1
1
1
1
1
1
1
1
1
1
1
1
1
1
1
1
1
1
1
1
1
1
1
1
1
1
1
1
1
1
1
1
1
1
1
1
1
1
1
1
1
1
1
1
1
1
1
1
1
1
1
1
1
1
1
1
1
1
1
1
1
1
1
1
1
1
1
1
1
1
1
1
1
1
1
1
1
1
1
1
1
1
1
1
1
1
1
1
1
1
1
1
1
1
1
1
1
1
1
1
1
1
1
1
1
1
1
1
1
1
1
1
1
1
1
1
1
1
1
1
1
1
1
1
1
1
1
1
1
1
1
1
1
1
1
1
1
1
1
1
1
1
1
1
1
1
1
1
1
1
1
1
1
1
1
1
1
1
1
1
1
1
1
1
1
1
1
1
1
1
1
1
1
1
1
1
1
1
1
1
1
1
1
1
1
1
1
1
1
1
1
1
1
1
1
1
1
1
1
1
1
1
1
1
1
1
1
1
1
1
1
1
1
1
1
1
1
1
1
1
1
1
1
1
1
1
1
1
1
1
1
1.026119329
1.01133595
1
1.002636339
1.009421712
1.716405256
1
1.005804295
1
1.020311499
1
1.014506773
1.020314736
1
1
1.002902056
1.180064504
1
1.002902148
1.007242444
2.150576374
1
1.08274799
1.008704545
1.043521789
1.104756867
1.590912021
1
1.009663526
1
1.036309505
1
1.026119329
1.002416897
1
1
1
1
1
1.001011088
1.041875876
1
1
1.002898549
1.016379432
1
1
1.471029995
1.078631728
1
1
1.010072508
1.018890202
1
1.031396049
1
1.010069898
1.005802709
1.005795917
1.002899342
1
1
1.035073966
1
1
1
1.005804295
1.032906443
1
1
1.012595503
1.163973449
1.048773289
1
1.014510738
1.001933518
1.003867036
1
1.133259861
1.185672093
1
1
1
1
1.016321018
1.007247095
1.066541952
1.037580168
1.005041451
1.133568608
1.043513916
1
1.052137813
1.00755913
1.001447206
1
1
1.011606571
1.058988946
1
1
1.029017788
1
1
1.023151773
1
1.01160581
1.034797855
1.003779565
1
1.018823772
1.005052991
1.052670685
1
1.042492447
1
1
1.066733409
1.058029051
1.017602409
1.005793956
1.034758704
1.008704613
1
1.040160248
1.085886044
1.002519098
1.134965774
1
1.041377405
1.12968127
1.015779799
1.015095094
1.6110929
1.005796247
1.583979865
1.008705336
1
1.441440249
1
1.026116009
1.0075573
1.026086646
1
1.079974006
1.031912389
1.026332886
1.011605419
1.013850579
1
1.301136642
1.020258027
1.383683183
1.007556081
1.528347552
1.00404435
1.020315034
2.942337713
2.114043902
1.212990319
1
1.121837543
1.003382945
1.007247755
1.002416897
1.004040435
1.008706168
1.001449551
1.004824019
1.014507458
1.008812118
1.024134374
1.034782194
1.002520318
1.29526139
1.023211621
1.007247095
1.002898677
1.002899102
1.015106136
1.031405524
1.043325852
3.283613992
2.31880121
1
1
1.008706168
1.002902148
1.00580421
1.099447133
1
1.115537461
1
1
1.014502369
1
1
1.061369114
1.008693482
1.004348016
1
1
1.014509129
2.463772606
1.004375017
1.001260159
1.087008179
1
1.001449274
1
1
1
1
1
1
1.008706168
1
1
1
1.107148526
1.081149318
1.017410673
1
1.007560958
1.013168573
1.068789895
1
1
1.008783548
1.010083715
1.01509057
1.002902056
1
1
1
1.045131535
1.005804295
1.081170771
1.003780479
1.076225224
1
1.004347378
1
1
1
1
1.516236326
1.001449671
1.341695896
1
1
1
1
1.017408715
1.120759824
1
1.005802905
1.004349013
1.067141112
1.016329245
1.002520929
1.011604818
1
1
1.001011088
1
1.004349013
1.005796247
1
1
1
1.007074187
1.011605419
1.006149971
1
1.167136655
1
1.020314393
1.017412631
1.012659929
1
1.029009278
1.017412337
1.00580421
1.233908035
1
1
1
1.039114936
1.005804112
1.075344456
1.005804295
1.023211621
1.747070708
1.004391774
1.720764064
1.066684838
1.040618965
1.005803075
1.002899342
1.046364603
1
1.002898281
1.023216449
1.005804112
1
1.044034061
1
1.015120133
1
1.041330469
1.015090217
1.006301813
1.015121916
1.004347823
1.15811514
1.06891148
1.002520318
1.037589982
1.024577367
1.002021196
1.010091309
1.02320118
1.014502369
1
1.008704545
1.011590239
1.138574306
1
1
2.060068189
1.563992621
1
1
1
1
1.00503777
1.011333277
1.002898549
1.022605155
1
1.014505632
1.015464892
1.010146857
1.029004738
1.008073796
1.001260159
1
1.001348117
1.445456451
1.014483811
1.046388003
1.092591
1
1.055127599
1.043497319
1.008706443
1
1.002902056
1.002902148
1.008693172
1
1
1
1
1.76882183
1.000901849
1.010071523
1.006297752
1.026049859
1
1.005804112
1.020314393
1.068973516
1.008688835
1.031902999
1
1
1
1.006403554
1.017354261
1.007247095
1
1.014508894
1.017412337
1.012092407
1.043392266
1
1.02025222
1
1.004711557
1
1
1.037675259
1
1
1.517184744
1.008696031
1
1.001257955
1.07538687
1.003781393
1.003021183
1.019309531
1
1.001260159
1.002898549
1
1.025146298
1.017621583
1
1.004040813
1
1
1
1.052204908
1.004349501
1.005804295
1.020235475
1
1.006391156
1.046384483
1.005804112
1.004348016
1
1.002519913
1.039559547
1.023116689
1.008392175
1
1.00873731
1.020141984
1.002520319
1.041392756
1.003507695
1.001449274
1.011594709
1.006299782
1
1
1.106633813
1.002636339
1.075097542
1.127041199
1.003779869
1
1.008819694
1.002899342
1.015107285
1.0203056
1.014510738
1.001449274
1
1.002520318
1.00580303
1.008696031
1.002898677
1.006296734
1.003781088
1.033230241
1
1.002520319
1.003779833
1.707579683
1
1.005798204
1.01159131
1
1.011604505
1
1
1.081167589
1.057983375
1.106935338
1
1
1
1.002897146
1.011608591
1
1.029001475
1.002636339
1.011608591
1.011329602
1
1.003700143
1
1
1.049744781
1.006299782
1
1.008814005
1
1.035227574
1.078171847
1.005798685
1.023199613
1.023204666
1.026094067
1.008698778
1.002898281
1.005804295
1.028895862
1
1.011608591
1.004344739
1.094734938
1.068873277
1.009421712
1.046349693
1
1.064009282
1.147565388
1
1.708202901
1.066948103
1.005804295
1.196034095
1
1.017412337
1.028998213
1.005794291
1
1.0087793
1
1.043526682
1.040606633
1.01258534
1.004348653
1
1.006384957
1.003033263
1.043512001
1
1
1
1.004391774
1.035017103
1
1
1
1.006733057
1.008706168
1.123502876
1
1
1.017625174
1.081514156
1
1
1.146979245
1
1.005804112
1
1.020263382
1.001449274
1.002899102
1
1
1.007242864
1.032758864
1.005801717
1.003779869
1.004348016
1
1.052065128
1.005804295
1
1.006296265
1
1.008705336
1.071801113
1.01259253
1
1.014974401
1
1
1.139792501
1
1.004347378
1.01160842
1.055052064
1
1.002902105
1.01158067
1.011608591
1
1
1.04462174
1.020315034
1.00168433
1
1
1.01761893
1.003780602
1.00503942
1.002520318
1.047605812
1.043477743
1
1.008704613
1.017405567
1.024581815
1
1.01160842
1
1.005041451
1
1.003780477
1.031915978
1.028621764
1.072374999
1.043507107
1.567907202
1.036835847
1
1
1
1
1.017402843
1
1.008781424
1
1.011593009
1
1.002899342
1
1.023132636
1
1
1
1.007890403
1.059889279
1
1
1.771677842
1.028833195
1.01097147
1
1.025075149
1.043487531
1.011863526
1.014510738
1.026118946
1.054177985
1.003700836
1
1.0075573
1
1.106758424
1
1
1.002896278
1.011607115
1
1.014504
1.13615359
1
1
1.002520319
1
1.002902148
1.068048614
1.002902105
1.004348016
1
1.017412631
1.050290399
1.079549165
1.069101295
1
1
1.011608225
1
1.037679316
1.020310606
1.062157261
1.002519643
1.028858214
1.003779869
1
1.252955214
1.013037224
1
1.002696233
1.003779869
1.020117728
1.030078028
1.030097534
1.043438592
1.014502369
1
1
1.327166917
1.664866654
1.609900685
1.094666266
1
1.023881262
1
1
1.005796247
1
1
1.011605419
1.009656953
1.011606151
1.050115862
1.001011088
1.042492447
1
1.017358925
1.006283933
1.002902056
1.063361747
1.009635213
1.023869681
1.002902148
1.002902148
1.008812575
1.008706315
1
1.020102568
1
1
1
1
1.008704358
1.005804112
1.535154775
1.005802709
1.007555474
1.002902148
1.006295318
1.00580303
1.82596452
1
1
1.023129447
1.018823772
1.416009449
1.164430969
1
1.044862739
1.108994462
1.051489521
1
1
1.010079651
1
1
1
1.019530596
1.973617709
1
1.005802905
1
1.066518151
1.11358361
1
1.195712934
1.001260464
1.011425082
1.002897646
1
1.020260592
1.050574734
1.026380641
1.028980983
1.011335943
1
1.031916915
1.030140207
1.041195453
1.053993056
1.01887801
1.020132201
1
1.014510738
1.013849699
1
1.005712068
1
1
1
1.017412886
1.046418021
1.052238658
1.298163452
1.006300799
1.018890202
1.008823251
1.003383656
1.013037224
1
1.011603711
1.002902056
1
1
1.037642973
1.011324653
1.015940545
1.017636544
1.002902056
1.001446739
1
1.148001933
1.001260464
1.008705336
1.037749925
1.02520319
1.002902056
1.005804112
2.421686994
1
1.003362765
1
1.008818272
1.011608225
1.005794322
1.017363829
1
1.031890856
1.031919567
1.011608591
1.043429541
1.017354261
1.033887267
1.024239005
1.005803075
1.017579135
1.010597473
1.001449274
1.008821118
1.005796505
1
1.003075729
1
1.002520319
1.002896278
1.034575105
1.00842573
1.247512607
1.010137935
1
1.001727606
1.020304572
1
1.014510525
1.008702783
1.09193094
1.037723125
1.029021477
1
1.020538878
1.015800376
1.10085505
1
1.004381379
1.029004738
1
1.110711854
1.03220246
1
1.020249429
1.004578192
1
1.007245702
1.024615702
1
1
1.001449551
1
1.063718501
1.017412631
1.017412631
1
1.005802709
1.003781393
1.002902148
1.001727606
1.054114274
1.088909139
1
1
1.008706315
1.005797466
1.007245631
1.32046112
1.003033263
1.001260159
1
1
1.005709306
1.02320118
1
1
1.003779869
1
1.003954509
1
1.012573149
1.054621869
1
1
1.021355757
1.04369474
1.022660938
1
1.007248356
1.029556445
1.010140063
1.118898443
1.043502213
1.021671896
1.002902148
1.031872248
1.00755097
1.017412631
1.004348016
1
1.005039013
1.208596355
1
1.057768731
1
1.037667202
1
1.002898733
1.089590686
1
1.002899342
1.069611371
1.005039013
1
1.138181227
1.017595053
1.023211621
1.008704928
1.064723174
1
1
1
1.007560957
1
1.00755913
1.081284831
1
1
1
1
1
1
1.005802709
1.023916007
1.919402531
1.005710687
1.003383656
1.036010424
1.00503942
1.566562544
1
1.022635326
1
1.090172171
1
1.118809295
1.003455213
1.075437767
1
1.080208076
1.011607115
1.037676778
1
1.026403613
1.039561416
1.462939318
1.038625303
1
1
1
1.002520318
1.007242864
1
1.112622232
1.189600937
1.008706315
1
1.007744167
1.003779259
1.00580421
1.055102803
1
1.056014367
1
1.011608591
1
1
1.046458093
1.029014526
1.010066647
1.08946632
1.119651211
1
1
1
1
1
1
1
1.026118946
1.479874897
1.04390804
1.042755615
1.010079651
1.78760474
1.002520929
1.022646088
1
1.015689561
1.057568466
1
1.005039013
1
1.003781393
1
1
1.0319088
1.005804112
1
1.005041451
1.002899342
2.619803051
1.002898549
1.036204545
1.012583308
1
1.014046478
1
1.086723315
2.071412091
1
1.034803272
1.049209585
1
1
1
1.03669583
1.028985162
1.005272678
1
1.011606571
1.005804295
1.004345719
1.002896492
1.002902056
1
1
1.109502144
1
1
1
1.013386378
1.01842262
1.0174048
1.013030665
1.03032459
1.017401907
1.005804112
1.043266051
1.004716125
1.011600903
1
1.002899102
1.029021477
1.04832532
1
1
1.002902056
2.915851071
1
1.007556081
1.007558519
1.195231607
1.026118505
1.274893411
1
1.065362908
1.004349013
1.040611201
1.037760536
1
1.726605111
1
1.003781088
1
1.04726137
1.129883261
1.074393503
1.081231537
1.063796068
1.005803075
1.011607115
1
1.063545376
1.008689659
1
1.152411119
1.146493473
1
1.001011088
1.002902148
1.023162227
1.011338695
1.008821117
1
1
1
1.023212302
1.136064628
1
1.049102632
1
1.027513217
1.005804295
1
1
1
1.227361405
1.131759369
1
1
1
1.038993267
1.017403919
1.00579322
1.014504
1.030390887
1.04051002
1
1.027603509
1.005796714
1
1
1.010138668
1