1
1.207021533
3.493315876
1.244106139
1.256206678
1.147240912
1.163381399
1.540141524
1.203805108
1.03674053
1.667412589
1.010206855
1.018010945
1.769748404
1.019620888
1.020542388
1.043865828
1.844845082
1.021954079
1.808394142
1.052233835
1.021933141
1.012707701
1.884247803
1.86323266
1.869629873
1.847121095
2.447805236
2.310387975
1.096814658
1.015623181
1
1.003919072
1.001687862
1.008448758
1.058352543
1.011725911
1.00784194
1.004405227
1.003943839
1.009796498
1.008801418
1.002440551
1
1
1.111888186
1.000979649
1.000563761
1
1
2.027335991
1.07292977
1.012735448
1.000980361
1.001966004
1.042416416
1.005887694
1
1.001690928
1
1
1.003919073
1
1.052221705
1.006856719
1.005877187
1
1
1.005871514
1
1
1
1.000563761
1.007889664
1
1
1.000490181
1.04590028
1.003538806
1.001128613
1.001127522
1
1
2.210680988
1.113400166
1.036926202
1.000563761
1
1.002687388
1
1
1.000563761
1.000563761
1.000490181
1.000490181
1
1.001128613
1.000563761
1.006764468
1
1
1.007840042
1
1
1
1
1.004718409
1
1
1.000563761
1
1.000563761
1
1
1
1.000980361
1.000490181
1
1
1
1.011752733
1.000980361
1
1.005124976
1.007840992
1
1
1.001128613
1
1
1.070823298
1.01467997
1.000490181
1
1
1.007888005
1
1
1
1.000563761
1
1
1.000490181
1.001572803
1
1.001960722
1.000980361
1.125419796
1.017609186
1
1.000980361
1
1
1
1
1
1
1
1
1
1.001127522
1
1
1.000980361
1.000490181
1
1
1
1
1
1
1
1
1
1
1
1
1
1
1
1
1.001127522
1
1.000490181
1
1
1
1.019087404
1
1
1
1
1.000490181
1
1
1
1.001127285
1.000563607
1
1
1
1
1
1
1
1.000980124
1
1.000563761
1
1.000490181
1
1
1.007839096
1
1
1
1.000490062
1.000563761
1.000980361
1
1
1
1
1
1
1
1.005898011
1
1.001470542
1
1
1
1
1
1.000490181
1
1
1
1
1
1
1.000563761
1
1.911671198
1.123976602
1.039968374
1
1
1
1
1
1
1.010414149
1.000563607
1.000563607
1
1
1.000786401
1
1.000563761
1
1.014911875
1.000490181
1
1
1
1
1
1
1.000980361
1
1
1.010281983
1.000490181
1.000490181
1.001127522
1.002448533
1
1
1
1
1
1
1
1
1
1
1.054559394
1.014135994
1
1
1
1
1.0058779
1
1.003538806
1.00225457
1
1.003381748
1
1.53728018
1.038967894
1.005898011
1
1
1
1
1.003145606
1.029281156
1.010130246
1.004897655
1.003145606
1.00293824
1
1
1.582514524
1.073045632
1.015784143
1.003920022
1.028687692
1.009017046
1.001960248
1.006763495
1
1
1
1.866178514
1.056968803
1.011752957
1.003144083
1
1
1.005634882
1.003538806
1.002935228
1.002751073
1
1
2.347705725
1.06540112
1.009017046
1.004508049
1.002752405
1
1.002450311
1
1.025106295
1.005641523
1.004411625
1.002252764
1
1.577425351
1.075570779
1.004897063
1
1.001962565
1.00881028
1
1.002940373
1.001960722
1
1
1.448110033
1.043737578
1
1.004898249
1.001960248
1.010149032
1.001469831
1
1.002562488
1.006754446
1.000563607
1
1.005869034
1.005877187
1.02082611
1
1
2.100962983
3.596212324
2.26667376
1.019068546
1.001958533
1.113707544
1.203352778
1.169575295
1.131170363
1
1.21581208
1.239812072
1.189453772
1.20466501
1
1.126305316
1.14736675
1
1.532088863
2.047499424
1.189330682
1.047351192
1
1.006760652
1.013535385
1.003919548
1.400413747
1.062298444
1
1.033682112
1.011826351
1.00225457
1
1.002254096
1.427965202
1.068756334
1
1.024880452
1.001959774
1.486851124
1.099861625
1
1.017992736
1.488076879
1.048269592
1.514628019
1.075929055
1.002254735
1.002450903
1.049387751
1
1.406484284
1.054068294
1.039475144
1.000563607
1
1.001127522
1.000980124
1.525573528
1.070677251
1.000563761
1
1.006770753
1
1
1.686339646
1.076660646
1.011130686
1
1
1
1.004513218
1.002252661
1
1.035062094
1.001468762
1.000563761
1
1.00225419
1.498274636
1.058398944
1
1
1.001127522
1
1
1.002256752
1.000490181
1.002254735
1
1.001127885
1
1.046856606
1
1
1.000490062
1.002289096
1.001690928
1
1.000980361
1
1.003920496
1
1.005869745
1
1.000563761
2.718821905
1.778889249
1.096978563
1.003538806
1
1.005207075
1.001470542
1.001127368
1.000490181
1
1.050305882
1
1
1.001127522
1.001691283
1.001128577
1.000980361
1
1.001688407
1.002256752
1.001470542
1
1.014928559
1
1.441690837
1.077124888
1.003427947
1
1
1.031164511
1.000563607
1
1.002357141
1
1
1.001127522
1.001690928
1.002257226
1.000563761
1.003379977
1.000490181
1.290844703
1.071564644
1.003920022
1
1.001127285
1.021959083
1.000563607
1
1.214021261
1.062997665
1
1.221614521
1.044681384
1.000980361
1
1.270194758
1.075792545
1.014634095
1.245647686
1.051248124
1.004505527
1
1
1.016105636
1.247204835
1.043788495
1.000562621
1.029644093
1.22778225
1.038238204
1.000490181
1.000490181
1.258923086
1.073999363
1
1
1
1
1.001690928
1
2.653549832
1.431884383
1.04550516
1.027059812
1
1.03041129
1
1
1
1
1.234677683
1.046876419
1
1.019002397
1
1.01334419
1
1.233841693
1.042329732
1
1
1
1.017256391
1.035171527
1
1.024946335
1
1.000562621
1.206410896
1.052256985
1.000563761
1.202475009
1.037626429
1.017238689
1.000563761
1.022027482
1.237692894
1.064277739
1.014653842
1.000563761
1.014611295
1.047290751
1.191597737
1.037547738
1
1.213677384
1.035169294
1.028637028
1.000980124
1.019071991
1.024950364
1
1.18267548
1.043978648
1
1.051272998
1.005631317
1
1.010768323
1
1.000980124
1
1
2.679999825
1.579359573
1.100959839
1.001127522
1.202755766
1.020387057
1
1.235665028
1.042115449
1.212500919
1.045400512
1.226411006
1.024405308
1
1.187531923
1.053961981
1
1.000563761
1.187601916
1.042160227
1.184433393
1.030598297
1.194828667
1.032944019
1.01564215
1.237199393
1.048370528
1.000563761
1
1.001127285
1
1.005075484
1
1
1
2.784788281
1.469913971
1.059134663
1.003943839
1.30095686
1.052202229
1.005069584
1.080498846
1.17515752
1.027337256
1.000490181
1
1.020248078
1.029264554
1
1.235314001
1.052676213
1
1.017590357
1.000490181
1
1.199487313
1.041020931
1
1.227979139
1.042136093
1
1.040964512
1.042397705
1
1
1
1.006761148
1
1
1
2.82275219
1.410366754
1.03868364
1
1.221777482
1.03954312
1
1.000490181
1.015327405
1.207619544
1.043889756
1
1
1.030266255
1.058001972
1.032231343
1.036885767
1.036605768
1.196964794
1.039595063
1
1
1.003381144
1.005635654
1
2.567973721
1.435855803
1.070612272
1
1.004514452
1
1.002255044
1.223294862
1.036575451
1
1.032238572
1.18720544
1.042072134
1.000980361
1
1.180465199
1.037050044
1.24306613
1.062628612
1.188755874
1.038333584
1.032100226
1.051238808
1.203426998
1.035243827
1
1.000490181
1
1
2.694645375
1.443684239
1.04679673
1
1.045453638
1
1.016484
1.210596226
1.038091593
1
1
1.029802054
1
1.218157816
1.039543114
1.216465149
1.048125523
1.043983844
1.008249221
1.04687351
1.219185456
1.047143706
1
1.191081502
1.035275198
1
1
1.031095482
1
1.00225457
1.002255044
1
1.003384914
1.374779179
1
1
1.002257226
1.172590037
1.010279491
1.01128358
1
1.881689018
1.07314049
1.001127213
1
1.001127522
1.001127213
1.007850259
1.044724777
1
1.015797012
1.001469474
1
1.002257226
1
1.015797261
1.003385127
1.707688521
1.009553723
1
1.000980124
1.013508335
1
1.235849712
1.000563761
1.001127522
1.011282216
1.072574551
1.040538993
1.001128613
1
1.011787444
2.350583064
1
1.007896222
1
1
1.026998824
1.001572803
1.007830558
1.00112633
1.010154741
1
1.072045234
1.001126668
1
1.005205814
1.018045283
1.006771464
1.106568717
1.006144023
1.001691828
1.006279031
1
1.005111609
1.000980242
1.011746094
1
1.001470186
1.000563607
1.172569383
1.172991893
1
1
1
1
1.002257226
1.022496808
1
2.154427732
1.001128577
1.264554241
1.024954416
1.002257155
1.003385839
1.001127285
1.045042518
1.000980242
1.002257155
1.006859207
1.001960485
1.001960248
1
1.005207075
1.205733136
1.109923709
1
1.002257155
1.046845763
1.009800055
1
1.036562593
1.00706971
1.153930827
1
1.004511542
1.001960722
1
1.333724174
1.006771464
1.066729722
1.231768244
1.161697427
1.006763905
1.020825777
1.009795311
1.002256752
1.001690928
1.047347447
1.03041129
1.005205814
1.007830554
1.038269028
1.021932703
1.045559903
1.003385127
1.00489884
1.00490062
1.007318111
1.000490062
1.003385127
1
1.003385839
1
1.007850259
1.038160088
1.116845969
1.036099295
1
1.001128613
1.008640756
1
1.012925379
1.042233268
1.038416037
1
1.077651056
1.022560636
1
1.026099459
1.074479454
1
1.002050486
1.010149831
1
1
1.000490181
1.002257226
1.005643065
1.047354014
1
1.001128613
1
1.002450311
1.052918015
1.114609674
1
1
1.039095896
1
1
1.015792694
1
1.027499977
1.084719131
1
1.008448165
1.005635474
1.067601151
1
1.009027006
1.003917541
1.006285121
1
1.004514381
1.006291211
1.002940727
1
1.002255771
1.005643065
1
1
1.007886096
1.012290668
1.013537449
1.002257155
1.020227742
1.002449126
1
1.205891221
1.000490062
1.038350258
1.058604924
1.020291731
1.000490062
1.882376844
1.239422548
1.207185247
1.027043871
1.004509887
1.027062474
1.000980361
1.029333761
1.001127522
1
1.015796763
1.011727336
1.081039972
1.011840308
1.000979649
1
1.011280318
1.018053443
1
1
1.006843889
1.008424601
1.008424601
1.005205814
1.002255044
1.139218283
1.060702502
1.050585419
1.027083438
1
1
1.00844935
1.000490062
1
1.636981213
1
1.001127368
1.072931267
1.002256609
1.007829606
1.006770753
1.000786401
1.08576422
1.002257155
1.004900028
1
1
1.009027006
1
1.111826562
1.037158526
1.003385127
1.000980361
1
1
1
1
1.029333298
1
1.061379816
1.003385839
1.001470542
1.007171496
1.001127368
1.275102254
1.007857136
1.324055803
1.004898841
1
1.000490062
1
1.003917067
1.012414351
1
1
1
1.139819322
1
1.1483099
1.000980124
1.110558882
1
2.005621776
1.043875294
1
1.995658151
1.020281408
1.000490062
1
1
1.054197488
1
1
1.015193981
1.003144083
1.005390683
1
1
1.002450311
1.037084767
1
1
1
1
1.037011811
1.129220733
1.003385839
1.552091788
1
1.005061703
1.131816166
1
1.026995419
1.006850076
1.001470186
1.001470186
1.006770753
1.074320302
1.058661355
1
1.003928201
1.000490062
1.106845646
1.01238629
1.564023102
1.001126668
1.015760734
1.006765985
1.020312578
1
1.01174135
1.007900042
1.024818266
1
1.001128577
1.003385732
1.161435236
1.002257226
1.020315034
1.012414743
1.364067069
1.077796699
1
1.040607438
1.092523895
1
1.058246477
1
1
1.001960722
1
1
1.00225419
1.003385732
1.377310381
1.017597427
1.375966765
1
2.616888304
1.046859148
1
1
1.006770753
1.001179602
1.038099401
1.000490062
1.880444919
1.003920021
1.143727822
1
1.024711694
1
1.314047852
1.00225457
1.001467614
1
1.005637057
1.013538445
1.002254735
1
1.003538806
1.003538806
1.015782482
1
1.311356371
1.000980361
1.029310324
1
1.012414743
1.025243216
1
1.00169082
1
1.006760469
1.002257226
1.002252244
1.008706139
1
1.028545173
1
1.003381144
1.005643065
1
1.001127285
1.210127824
1.023633678
1
1.011752951
1
1
1.027070344
1
1.000490062
1
1
1.010145243
1.005643065
1.003385839
1.010247473
1
1.621872871
1.005637473
1.004898248
1.004513218
1.00358835
1.006771571
1.00789863
1.000563607
1
1
1
1.016160008
2.570577123
2.569236198
1.007329714
1.005613095
1.002818213
1.018570421
1.007883014
1
1.018049078
1.018396383
1.004506296
1.029301999
1.407590579
1.038677267
1.023653204
1.009027813
1.006192248
1
1
1.002254735
1
1
1.005378953
1.009010212
1.164297933
1.016875918
1.004613593
1.000490181
1.032082843
1.094759155
1.887810315
1.725404277
1.650801718
1.67554425
1.220977385
1
1
1.000980124
1.011745837
1
1
1.008708246
1.078737592
1.030506361
1.000563607
1.369635343
1
1.011284766
1
1.004710155
1
1
1.714599108
1
1.00490062
1.00451431
1
1.60627537
1.002257155
1.070160829
1.018581816
1
1
1
1.00685755
1.21580261
1
1.001127213
1.086712833
1.067005902
1.067038638
1.030783705
1.008812579
1.000563607
1.231349361
1.038863515
1.009783458
1.589848813
1
1
1
1.036110681
1
1.014622179
1.002255771
1.067109902
1
1.01331205
1.008714565
1
1.112498483
1.057835653
1
1.043972047
1.030770684
1.01013009
1
1.007888256
1.019108007
1.000490181
2.248926323
1.0029378
1.008787736
1.002255771
1.003385839
1.001128613
1
1.031464065
1.153651456
1
1.376561181
1.007884673
1
1
1.015792943
1.00169082
1.006771571
1.041094723
1.002257155
1.001525646
1
1.045128863
1.014676971
1.003916117
1.000980124
1
1.165878906
1.015798672
1.112713181
1.022564432
1.070926051
1.012414743
1.125452934
1.00489884
1.181222758
1.01455499
1
1.094678403
1
1.003383521
1.042500548
1
1
1
1
1
1.002254735
1.007344272
1.633414964
1.002450311
1
1
1.002940727
1.005634469
1.060899946
1.004514381
1.020865979
1.070048229
1.070790617
1.014914095
1.032025933
1
1.002257226
1.042839519
1.012970682
1.011263893
1.030433706
1.004513503
1
1
1
1.004514452
1.08479329
1
1
1
1.031420933
1
1
1.004513503
1
1.002819714
1.005631909
1
1.109877528
1.021936545
1.214178297
1
1.001179602
1.009800055
1.005642887
1
1.131717033
2.243568904
2.245149626
1
1
1
1
1
1
1
1.977139411
2.520503727
1
1.001958534
1.00225457
1.032889332
1.004512127
1.002256609
1.012414743
1.028934403
1
1.009024681
1
1.235861891
1.006749
1.002257226
1.013683561
1
1
1.001128577
1
1.000490062
1.020505473
1.391276004
1.041075631
1.001126668
1
1.047965729
1
1.000563879
1.004092807
1
1
1
1.039582285
1
1.03986735
1.029323585
1
1.016611731
1
1.009792943
1
1.04501263
1.060923004
1
1.071001022
1.118240162
1.001128577
1.00358835
1.021980427
1.0134919
1.020826105
1.003381392
1.000490062
1.05125964
1.008712459
1.028617868
1.014877111
1.003947599
1.006771678
1.002257226
1
1.004509816
1
1.015655428
1
1.013223958
1
1.002257155
1.018326304
1.635834002
1
1
1
1
1
1.09783762
1.002818033
1.297660157
1.005642887
1.001960248
1.009025773
1
1.018057808
1
1.000563607
1.015777962
1.084436665
1.002256609
3.05990041
2.024689357
1.178962175
1.002257226
1.156037071
1.00902563
1
1.006768831
1.003384416
1.151013119
1
1.182956371
1.010138509
1.013498552
1
1
1
1.00685838
1.009019774
1.027787286
1.004506296
1.0263839
1
1
1.135124994
1.114068771
1.008812416
1
1
1
1
1
1
1
1
1
1
1
1
1
1
1
1
1
1
1
1
1
1
1
1
1
1
1
1
1
1
1
1
1
1
1
1
1
1
1
1
1
1
1
1
1
1
1
1
1
1
1
1
1
1
1
1
1
1
1
1
1
1
1
1
1
1
1
1
1
1
1
1
1
1
1
1
1
1
1
1
1
1
1
1
1
1
1
1
1
1
1
1
1
1
1
1
1
1
1
1
1
1
1
1
1
1
1
1
1
1
1
1
1
1
1
1
1
1
1
1
1
1
1
1
1
1
1
1
1
1
1
1
1
1
1
1
1
1
1
1
1
1
1
1
1
1
1
1
1
1
1
1
1
1
1
1
1
1
1
1
1
1
1
1
1
1
1
1
1
1
1
1
1
1
1
1
1
1
1
1
1
1
1
1
1
1
1
1
1
1
1
1
1
1
1
1
1
1
1
1
1
1
1
1
1
1
1
1
1
1
1
1
1
1
1
1
1
1
1
1
1
1
1
1
1
1
1
1
1
1
1
1
1
1
1
1
1
1
1
1
1
1
1
1
1
1
1
1
1
1
1
1
1
1
1
1
1
1
1
1
1
1
1
1
1
1
1
1
1
1
1
1
1
1
1
1
1
1
1
1
1
1
1
1
1
1
1
1
1
1
1
1
1
1
1
1
1
1
1
1
1
1
1
1
1
1
1
1
1
1
1
1
1
1
1
1
1
1
1
1
1
1
1
1
1
1
1
1
1
1
1
1
1
1
1
1
1
1
1
1
1
1
1
1
1
1
1
1
1
1
1
1
1
1
1
1
1
1
1
1
1
1
1
1
1
1
1
1
1
1
1
1
1
1
1
1
1
1
1
1
1
1
1
1
1
1
1
1
1
1
1
1
1
1
1
1
1
1
1
1
1
1
1
1
1
1
1
1
1
1
1
1
1
1
1
1
1
1
1
1
1
1
1
1
1
1
1
1
1
1
1
1
1
1
1
1
1
1
1
1
1
1
1
1
1
1
1
1
1
1
1
1
1
1
1
1
1
1
1
1
1
1
1
1
1
1
1
1
1
1
1
1
1
1
1
1
1
1
1
1
1
1
1
1
1
1
1
1
1
1
1
1
1
1
1
1
1
1
1
1
1
1
1
1
1
1
1
1
1
1
1
1
1
1
1
1
1
1.010157517
1.00881578
1
1.003075729
1.010991997
1.799275416
1
1.002257226
1
1.015784604
1
1.005641523
1.015800333
1
1
1.001128577
1.210075255
1
1.001128613
1.005632333
1.984317913
1
1.09664538
1.010149744
1.033850739
1.122629367
1.683951751
1
1.011274113
1
1.042287593
1
1.010157517
1.002819714
1
1
1
1
1
1.001179602
1.048843551
1
1
1.001127213
1.012740072
1
1
1.534642477
1.091737016
1
1
1.011745141
1.014694751
1
1.03658595
1
1.007831507
1.002256609
1.006759006
1.001127522
1
1
1.027254238
1
1
1
1.002257226
1.03839085
1
1
1.004898251
1.190912031
1.037958168
1
1.005643065
1.002255771
1.004511542
1
1.155343739
1.216617442
1
1
1
1
1.019009267
1.005631909
1.077499261
1.043824371
1.00392097
1.155626837
1.016922079
1
1.060824383
1.002939662
1.001688407
1
1
1.009019774
1.068806411
1
1
1.022569176
1
1
1.026971665
1
1.009026864
1.027065932
1.001469831
1
1.021955056
1.005895156
1.040981011
1
1.049610469
1
1
1.051903648
1.045134319
1.013681892
1.004505867
1.027033623
1.003385127
1
1.046849046
1.100200385
1.000979649
1.157893845
1
1.032175868
1.151861145
1.018409765
1.0117373
1.712941717
1.002254096
1.681309842
1.006770859
1
1.515028903
1
1.020312258
1.005877187
1.020290269
1
1.062303219
1.024820483
1.030733897
1.004513218
1.010774847
1
1.351442973
1.015748119
1.44763038
1.005876476
1.618540347
1.004718409
1.007900291
3.252716785
2.303124327
1.165648114
1
1.141980624
1.003946769
1.005636838
1.002819714
1.004713841
1.003385732
1.001127368
1.005628022
1.011274539
1.010278662
1.02815677
1.027054546
1.000980124
1.346816288
1.018053443
1.005631909
1.00225419
1.002254735
1.011745514
1.036647262
1.050593348
3.664216324
3.104629072
1
1
1.003385732
1.001128613
1.004514381
1.115285351
1
1.13483102
1
1
1.011279666
1
1
1.071377771
1.006759296
1.003381285
1
1
1.016917604
2.702371526
1.005104187
1.000490062
1.10146684
1
1.000563607
1
1
1
1
1
1
1.003385732
1
1
1
1.083337436
1.06311565
1.013541505
1
1.002940373
1.015363335
1.079950462
1
1
1.010247473
1.003921445
1.017537494
1.001128577
1
1
1
1.052653457
1.002257226
1.063238184
1.002940372
1.059389998
1
1.003380929
1
1
1
1
1.549885387
1.000563761
1.397562597
1
1
1
1
1.013539869
1.141084491
1
1.004513361
1.001691283
1.078331297
1.012695372
1.000980361
1.013532186
1
1
1.001179602
1
1.001691283
1.002254096
1
1
1
1.008253218
1.004513218
1.007174966
1
1.194992764
1
1.007900042
1.013543142
1.014769917
1
1.011281386
1.006771464
1.004514381
1.272892707
1
1
1
1.030409465
1.002257155
1.058601222
1.002257226
1.018053158
1.871582492
1.005123737
1.840891408
1.077774877
1.015796264
1.002256752
1.001127522
1.053865022
1
1.002250246
1.009028619
1.002257155
1
1.051360102
1
1.017631944
1
1.03214458
1.011737306
1.004901212
1.005880745
1.00169082
1.185516498
1.026798909
1.000980124
1.043905601
1.019113254
1.002358062
1.011773194
1.018045568
1.011279666
1
1.010149851
1.013517065
1.161987048
1
1
2.23674622
1.601837839
1
1
1
1
1.005871039
1.013207704
1.001127213
1.026362059
1
1.011282394
1.018042374
1.007891574
1.022558264
1.009419428
1.000490062
1
1.001572803
1.52789247
1.016882559
1.018039779
1.108022833
1
1.042876251
1.033830813
1.003385839
1
1.001128577
1.001128613
1.006750028
1
1
1
1
1.932514676
1.000563879
1.007832455
1.002449126
1.02026638
1
1.002257155
1.007900042
1.053678669
1.003378991
1.037205683
1
1
1
1.007470814
1.020228617
1.005631909
1
1.011284766
1.006771464
1.014107808
1.050437257
1
1.023556804
1
1.005496817
1
1
1.043837461
1
1
1.605574889
1.006763495
1
1.000489205
1.058632058
1.001470542
1.003524713
1.022527786
1
1.000490062
1.001127213
1
1.019552683
1.020535354
1
1.004714282
1
1
1
1.060880745
1.005074418
1.002257226
1.023600738
1
1.007456349
1.054099328
1.002257155
1.003381748
1
1.001959774
1.046152805
1.026960687
1.009790871
1
1.010193529
1.02347657
1.001960248
1.048197762
1.004092311
1.000563607
1.009016759
1.004899434
1
1
1.124212957
1.003075729
1.058444745
1.148214732
1.002939304
1
1.006860039
1.001127522
1.011750108
1.015793193
1.005643065
1.000563607
1
1.000980124
1.006766496
1.006763495
1.002254498
1.004895876
1.002940727
1.038675146
1
1.000980124
1.0029378
1.789310671
1
1.004509471
1.009014863
1
1.009025773
1
1
1.063127936
1.045096127
1.124757895
1
1
1
1.001126668
1.004514452
1
1.02255696
1.003075729
1.004514452
1.008809135
1
1.004316834
1
1
1.058035578
1.004900028
1
1.006852566
1
1.027403647
1.060799073
1.002255044
1.009022072
1.027059437
1.030433327
1.006748787
1.002252527
1.002257226
1.033711317
1
1.004514452
1.003374907
1.110524095
1.080461006
1.010991997
1.054071052
1
1.074705993
1.172212962
1
1.825925372
1.026035373
1.002257226
1.228706444
1
1.006771464
1.022553876
1.002253336
1
1.010242517
1
1.033854297
1.031584061
1.009788199
1.003382103
1
1.007449117
1.003538806
1.033842555
1
1
1
1.005123737
1.040853287
1
1
1
1.007855233
1.003385732
1.144419026
1
1
1.006854234
1.06345386
1
1
1.171590853
1
1.002257155
1
1.023621647
1.000563607
1.002254735
1
1
1.002816669
1.025480143
1.00450927
1.002939304
1.003381285
1
1.060641134
1.002257226
1
1.00734368
1
1.006770859
1.082763432
1.01468736
1
1.017470135
1
1
1.162431878
1
1.003380929
1.009028761
1.064174343
1
1.00225719
1.013486962
1.004514452
1
1
1.052051051
1.007900291
1.001965052
1
1
1.020538681
1.004408341
1.001959774
1.000980124
1.055588869
1.033814979
1
1.003385127
1.006768831
1.028682446
1
1.009028761
1
1.00392097
1
1.001470186
1.024823484
1.033392058
1.084437498
1.033838463
1.663258235
1.042975154
1
1
1
1
1.013535172
1
1.010244995
1
1.009015811
1
1.001127522
1
1.026912009
1
1
1
1.00920547
1.069662415
1
1
1.885727076
1.011212909
1.012800048
1
1.029255612
1.033824765
1.01384078
1.005643065
1.020314713
1.063207649
1.004317642
1
1.005876474
1
1.124607732
1
1
1.00112633
1.009027813
1
1.011280852
1.105899532
1
1
1.001960011
1
1.001128613
1.052926695
1.00225719
1.003381285
1
1.013543142
1.039123221
1.093001694
1.08081114
1
1
1.00451431
1
1.043948611
1.023682736
1.072312671
1.002936468
1.033643325
1.002940017
1
1.29530758
1.015204242
1
1.003145606
1.00293966
1.023463304
1.023369307
1.02338638
1.033785447
1.011279666
1
1
1.381694736
1.803093063
1.73585833
1.110718964
1
1.018579569
1
1
1.002254096
1
1
1.004513218
1.011266446
1.004513503
1.058468505
1.001179602
1.049617651
1
1.013499248
1.007331255
1.001128577
1.072910167
1.011241082
1.018559281
1.001128613
1.001128613
1.003427112
1.006771571
1
1.023444746
1
1
1
1
1.006770041
1.002257155
1.624347238
1.002256609
1.00293824
1.001128613
1.007342494
1.006766567
1.962561193
1
1
1.026963332
1.02194224
1.487591583
1.193080743
1
1.05234924
1.126875308
1.060090719
1
1
1.007840044
1
1
1
1.022785695
2.131443135
1
1.004513361
1
1.077604509
1.088544323
1
1.228331757
1.000490181
1.013329262
1.002252455
1
1.023637272
1.058951546
1.030743261
1.033783206
1.004408422
1
1.012412134
1.035198477
1.048061362
1.062838809
1.014687641
1.015615733
1
1.005643065
1.016145363
1
1.006664079
1
1
1
1.006771678
1.036103091
1.020315034
1.348334533
1.002450311
1.01469297
1.003431264
1.003947599
1.015193981
1
1.004512554
1.001128577
1
1
1.043918544
1.008798219
1.012376355
1.013716756
1.001128577
1.000562621
1
1.173238834
1.000490181
1.006770859
1.029357482
1.01960248
1.001128577
1.002257155
2.658634826
1
1.003923226
1
1.006859209
1.00451431
1.006756824
1.02019511
1
1.024804045
1.024826093
1.004514452
1.050672219
1.020246002
1.039556642
1.028278839
1.002256752
1.020476501
1.012363718
1.000563607
1.003430435
1.004508523
1
1.00358835
1
1.001960011
1.00112633
1.026855912
1.009830018
1.288764708
1.007885517
1
1.002015541
1.007896222
1
1.011285952
1.003384416
1.107646608
1.029339928
1.01128613
1
1.023962024
1.018433772
1.078350175
1
1.005111609
1.022559688
1
1.128930608
1.037569537
1
1.023534862
1.005341224
1
1.005631317
1.02861879
1
1
1.001127368
1
1.024779417
1.013543142
1.013543142
1
1.002256609
1.001470542
1.001128613
1.002015541
1.063133319
1.103766697
1
1
1.006771571
1.00225457
1.005635654
1.374035944
1.003538806
1.000490062
1
1
1.006660857
1.018045568
1
1
1.00293966
1
1.004613593
1
1.009776342
1.063730169
1
1
1.024859829
1.050977197
1.008812587
1
1.002818805
1.034482519
1.011825522
1.138664541
1.033834905
1.02523218
1.001128613
1.037179067
1.008807435
1.013543142
1.003381748
1
1.003918598
1.245011941
1
1.067284177
1
1.043852192
1
1.001127285
1.104519097
1
1.001127522
1.054141541
1.003918123
1
1.161211431
1.020522457
1.018053443
1.00676483
1.050372569
1
1
1
1.005880744
1
1.002939662
1.095026978
1
1
1
1
1
1
1.002256609
1.018602086
1.984474269
1.006662468
1.003947599
1.027971946
1.001959774
1.660989635
1
1.017593137
1
1.105200866
1
1.138590626
1.004031081
1.058673689
1
1.062280162
1.00902767
1.029286335
1
1.020545276
1.046154985
1.507073443
1.045062854
1
1
1
1.000980124
1.002816669
1
1.087592841
1.147485696
1.006771571
1
1.009034862
1.002938949
1.004514381
1.042858223
1
1.065350095
1
1.004514452
1
1
1.054201109
1.022566804
1.007829612
1.104377373
1.139923826
1
1
1
1
1
1
1
1.020314713
1.552398162
1.05122222
1.033259735
1.007839094
1.918872197
1.000980361
1.026418041
1
1.018304487
1.06708761
1
1.003919073
1
1.001470542
1
1
1.024818657
1.002257155
1
1.00392097
1.001127522
2.868187125
1.001127213
1.04223194
1.009788202
1
1.016387557
1
1.101177201
2.09846398
1
1.04058759
1.057345264
1
1
1
1.042811802
1.022542963
1.006151458
1
1.009019774
1.002257226
1.001690002
1.002249938
1.001128577
1
1
1.127422837
1
1
1
1.005205814
1.021493056
1.013536809
1.010132223
1.023548456
1.006767408
1.002257155
1.050206491
1.005502145
1.009017449
1
1.002254735
1.01128613
1.056379539
1
1
1.001128577
3.748266574
1
1.005876476
1.00587861
1.227770209
1.010157196
1.322203293
1
1.076046594
1.001691283
1.031586385
1.044000769
1
1.861035835
1
1.002940727
1
1.055138265
1.151705506
1.08679242
1.063178415
1.049620092
1.002256752
1.009027813
1
1.074319065
1.006755311
1
1.178100979
1.170909051
1
1.001179602
1.001128613
1.018020821
1.004409493
1.006860868
1
1
1
1.009027006
1.158652852
1
1.057155791
1
1.021398363
1.002257226
1
1
1
1.263599023
1.154238239
1
1
1
1.045437492
1.006768191
1.004499071
1.011280674
1.035419001
1.047276549
1
1.032126608
1.00675948
1
1
1.011800749
1