1
1.176153206
2.898361045
1.19779017
1.219605724
1.135938584
1.1400412
1.434900685
1.174690092
1.026091885
1.564885648
1.009282408
1.015437953
1.659784346
1.01886511
1.017607761
1.037599281
1.724152927
1.026400474
1.692909264
1.044771859
1.018799835
1.010892315
1.757926688
1.739913708
1.703008298
1.726103795
2.240975916
2.039854459
1.082983993
1.013391298
1
1.003359205
1.001446739
1.007241792
1.050016465
1.010050781
1.006721663
1.003775909
1.003380433
1.008396998
1.007544073
1.002091901
1
1.003379011
1.104939369
1.000839699
1.000483224
1
1
1.880573707
1.062681703
1.010916098
1.00084031
1.002520319
1.036356928
1
1
1.001449366
1
1
1.003359206
1
1.044761462
1.005877188
1.005037588
1.000483224
1
1.005032726
1
1
1.000420155
1.000483224
1.006762569
1
1
1.000420155
1.039324722
1
1.000967383
1.000966447
1.000483224
1
2.037726561
1.097200142
1.03165103
1.000483224
1
1
1.000420155
1
1.000483224
1.000483224
1.000420155
1.000420155
1
1.000967383
1.000483224
1.007723284
1
1
1.006720036
1
1
1
1
1
1
1
1.000483224
1
1.000483224
1
1
1.000420155
1.00084031
1.000420155
1.00084031
1
1
1.010073772
1.00084031
1
1.005036978
1.00672085
1
1
1.000967383
1
1
1.058619133
1.012582832
1.000420155
1
1
1.006761148
1.000420155
1
1
1.000483224
1
1.000483224
1.000420155
1.001932427
1.000966447
1.001680619
1.00084031
1.107502682
1.015093588
1.00126016
1.00084031
1
1.000483224
1.000420155
1
1.000966447
1
1
1
1.000483224
1.000966447
1
1
1.00084031
1.000420155
1
1
1
1
1
1
1
1
1
1
1
1
1
1
1
1.00084031
1.000966447
1
1.000420155
1
1.000483224
1
1.016360632
1
1
1.000420155
1.001680213
1.000420155
1
1
1
1.000966244
1.000483091
1
1
1
1
1
1
1
1.000840106
1
1.000483224
1.00084031
1.000420155
1
1
1.006719225
1
1
1
1.000420053
1.000483224
1.00084031
1
1
1
1
1.000967383
1
1
1.007725646
1
1.001260464
1
1
1
1
1
1.000420155
1
1.000483224
1
1
1
1
1.000483224
1
1.781432455
1.127643689
1.031598543
1
1
1
1
1.000420155
1
1.008926414
1.000483091
1.000483091
1.00084031
1
1.000966315
1
1.000483224
1
1.013476623
1.000420155
1
1
1
1
1
1
1.00084031
1
1
1.008813128
1.000420155
1.000420155
1.000966447
1.002098743
1
1
1
1
1
1
1
1
1
1
1.043733224
1.011466504
1
1
1
1
1.0050382
1
1
1.001932489
1
1.002898641
1
1.460525868
1.033401052
1.006716788
1
1
1
1
1.003359613
1.025098133
1.008683068
1.00419799
1
1.002518491
1
1
1.495599234
1.062610542
1.013529265
1.003360019
1.02458945
1.007728896
1.001680213
1.005797282
1
1
1
1.742438727
1.048830403
1.010073963
1.004199007
1
1.002099758
1.004829899
1
1.00251591
1
1
1
2.067553878
1.056058103
1.007728896
1.003864042
1
1.002938951
1.002100266
1
1.023130163
1.004835591
1.003781393
1.00193094
1
1.494936015
1.064774953
1.004197483
1
1
1.007551669
1
1.002520319
1.001680619
1
1
1.384094314
1.037489353
1
1.004198499
1.001680212
1.008699171
1.001259855
1
1
1.005133952
1.000483091
1
1.005030601
1.005037588
1.017850951
1
1
1.943682557
3.225324849
2.085720366
1.016344468
1.001678743
1.094583084
1.174302381
1.145350253
1.11243174
1
1.173313148
1.205553205
1.162388947
1.175427152
1
1.1082617
1.126314357
1
1.426493408
1.897856649
1.162283442
1.040586736
1.002099758
1.005794844
1.011601759
1.003359613
1.339038151
1.053398666
1.002519101
1.028870382
1.010136873
1.001932489
1.000966183
1.001932082
1.366827316
1.058934
1.002099251
1.021326102
1.001679807
1.396264398
1.082582771
1.000840106
1.015422345
1.418351611
1.039324722
1.441109731
1.065082047
1.00193263
1.002100774
1.040358445
1
1.3484151
1.046344252
1.033835837
1.000483091
1.001260159
1.000966447
1.000840106
1.450491595
1.060580501
1.000483224
1
1.005803502
1
1.00084031
1.421321652
1.065709125
1.005796002
1
1
1
1.003868473
1.001930852
1.000966183
1.030053224
1.001258939
1.000483224
1
1.001932163
1.427092546
1.050056238
1.003360426
1
1.000966447
1
1
1.001934358
1.000420155
1.00193263
1
1.000966315
1.00083676
1.040162805
1.001446739
1
1.000420053
1.00193094
1.001449366
1
1.00084031
1
1.003360425
1
1.00503121
1
1.000483224
2.200500339
1.633716566
1.083124483
1.005880744
1
1.004463207
1.001260464
1.000966315
1.000420155
1.002100774
1.043119327
1
1
1.000966447
1.001449671
1.000967352
1.00084031
1
1.003865556
1.001934358
1.001260464
1.00084031
1.017375427
1
1.351199706
1.060470631
1.00293824
1
1.001260159
1.025857351
1.000483091
1
1.002184096
1
1
1.000966447
1.001449366
1.001934765
1.000483224
1.002897123
1.000420155
1.24929546
1.061341124
1.003360019
1
1.000966244
1.018822071
1.000483091
1
1.183446795
1.053997999
1.000967383
1.181880961
1.045199449
1.00084031
1.000967383
1.228468387
1.066277293
1.01254351
1.21055516
1.043926963
1.003861881
1
1
1.013804831
1.211889859
1.034168643
1.000482246
1.027056894
1.195241928
1.035210497
1.000420155
1.000420155
1.221934073
1.063428026
1
1.001677273
1.003778651
1
1.001449366
1
2.3200515
1.370186614
1.03549156
1.023194125
1
1.02606682
1.000483224
1
1
1
1.201152299
1.040179788
1
1.016287769
1
1.012012528
1.000420155
1.200435737
1.041432828
1
1
1.001449671
1.01638072
1.030147024
1
1.021382573
1
1.000482246
1.176923625
1.044791701
1.000483224
1.163796206
1.033899587
1.017591454
1.000483224
1.018880699
1.203736766
1.055095205
1.012560436
1.000483224
1.012523967
1.040534929
1.162215546
1.031527695
1
1.183346797
1.030145109
1.024546024
1.000840106
1.016347421
1.021386026
1
1.156578983
1.047713367
1
1.043948284
1.004826843
1
1.009229991
1
1.000840106
1
1
2.43999985
1.49659392
1.045660799
1.000966447
1.173790656
1.021747672
1
1.201998595
1.036098957
1.182143644
1.038914725
1.194066576
1.020918835
1
1.160741648
1.046253126
1
1.000483224
1.166147915
1.036137338
1.158085766
1.025117104
1.166996
1.027635812
1.013407557
1.203313766
1.041460453
1.000483224
1
1.000966244
1
1.013541505
1
1
1
2.51536833
1.402783404
1.050752137
1.003380433
1.257963023
1.044744768
1.004345357
1.068999011
1.165981524
1.023431934
1.000420155
1
1.014453381
1.025083903
1
1.201697715
1.04515104
1
1.015077449
1.000420155
1
1.178172395
1.035160798
1
1.195410691
1.035173962
1.000483224
1.035112439
1.045258827
1
1
1
1.005795269
1
1
1
2.541698667
1.351742932
1.033157405
1.00126016
1.190094985
1.033894103
1
1.000420155
1.01844435
1.177959609
1.037619791
1
1
1.025942504
1.04641204
1.027626866
1.031616372
1.031376373
1.168826967
1.033938626
1
1
1.002898124
1.00483056
1
2.343977475
1.384669633
1.030235316
1
1.00386953
1.000483224
1.001932895
1.22187893
1.031350387
1
1.027633062
1.160461805
1.036061829
1.00084031
1
1.179721296
1.031757181
1.208342397
1.053681668
1.161790749
1.036051346
1.028329728
1.043918979
1.174365998
1.034642497
1
1.000420155
1
1
2.452553179
1.380300776
1.040111483
1.002099758
1.038960261
1
1.014196624
1.180511051
1.032649937
1
1
1.026383416
1.000420155
1.18394779
1.033894097
1.185541556
1.041250448
1.037700438
1
1.040177295
1.189312751
1.040408891
1
1.163784144
1.030235884
1
1
1.02665327
1
1.001932489
1.001932895
1
1.002901355
1.321239296
1
1
1.001934765
1.147934318
1.008810993
1.00967164
1
1.755733444
1.062691849
1.000966183
1
1.000966447
1.000966183
1
1.037844567
1
1.013540296
1.001259549
1
1.001934765
1
1.013540509
1.002901538
1.623223459
1.008188905
1
1.000840106
1.011578573
1.007738816
1.202156896
1.000483224
1.000966447
1.009670471
1.061223152
1.034747708
1.000967383
1
1.034806375
1.725681777
1
1.006768191
1
1
1.023141849
1
1.006711907
1.000965426
1.008704064
1
1.073479061
1.000965715
1
1.004462126
1.015467385
1.005804112
1.091344615
1.011595293
1.003869469
1.008388868
1
1.007559128
1.000840208
1.010068081
1
1.00126016
1.000483091
1.145788408
1.140305866
1
1
1
1
1.001934765
1.014709667
1
1.982043962
1.000967352
1.226760778
1.021389499
1.001934704
1.002902148
1.000966244
1.038607873
1.000840208
1.001934704
1.005879321
1.001680416
1.001680213
1.001934704
1.004463207
1.176342688
1.094220322
1
1.001934704
1.040153511
1.008400047
1.004835896
1.035868082
1.006006264
1.131940708
1
1.009671335
1.001680619
1.001934704
1.286049292
1.005804112
1.049055645
1.198658495
1.138597795
1.005797633
1.017850666
1.008395981
1.001934358
1.001449366
1.040583526
1.02606682
1.004462126
1.006711903
1.027441175
1.01879946
1.039051346
1.002901538
1.004199006
1.004200531
1.006272666
1.000420053
1.002901538
1
1.002902148
1
1.010905228
1.032708647
1.100153688
1.030942253
1
1.000967383
1.010072957
1
1
1.040405776
1.032215416
1
1.066558048
1.019337688
1
1
1.063839532
1
1
1.008699855
1
1
1.000420155
1.001934765
1.004836913
1.040589155
1
1.000967383
1
1.002100266
1.095558024
1.098236863
1
1
1.033510768
1
1
1.013536595
1
1.027682763
1.09102508
1
1.007241285
1.004830407
1.057943844
1
1.007737434
1.003357892
1
1
1.003869469
1
1.002520624
1
1.003869002
1.004836913
1
1.002900928
1
1.020295432
1.011603528
1.001934704
1.017338065
1.002099251
1.000840106
1.176478189
1.000420053
1.03287165
1.050232792
1.017392912
1.000420053
1.756323009
1.180664317
1.177587355
1.023180461
1.003865617
1.023196406
1.00084031
1.025143224
1.000966447
1.000840106
1
1.010052002
1.069462834
1
1.000839699
1
1.009668844
1.01547438
1.000967352
1
1.00586619
1.007221087
1.007221087
1.004462126
1.001932895
1.119329957
1.023917561
1.04335893
1.023214375
1
1
1.0072423
1.000420053
1.001259549
1.545983897
1.000967352
1.000966315
1.138639048
1.001934236
1.006711091
1.005803502
1.000966315
1.073512189
1.001934704
1.004200024
1.001928986
1
1.007737434
1
1.075854944
1.031850165
1.002901538
1.00084031
1
1
1
1
1.025142827
1
1.05261127
1.002902148
1.001260464
1.008392932
1.000966315
1.394975995
1.006006264
1.277762117
1.004199007
1.000840106
1.000420053
1
1.003357486
1.010640872
1
1
1
1.119845133
1.000840106
1.120132609
1.000840106
1.094764756
1
1.861961522
1.037607395
1
1.853421272
1.017131526
1.000420053
1
1
1.04645499
1
1.001257955
1.013023412
1.003358799
1.004620586
1
1.000839699
1.002100266
1.031786943
1
1
1.002901355
1.000483091
1.031724409
1.106541864
1.002902148
1.473221532
1.001934765
1.004338602
1.085499785
1.007723409
1.023138931
1.005871494
1.001260159
1.001260159
1.005803502
1.063703116
1.050281161
1
1
1.000420053
1.091581982
1.01061682
1.483448373
1.000965715
1.013509201
1.005799416
1.017410782
1.000967383
1.010064014
1.006771464
1.021272799
1
1.000967352
1.002902056
1.138373059
1.001934765
1.017412886
1.010641208
1.312057488
1.066682885
1
1.034806375
1.079306196
1.0106383
1.037569307
1
1
1.001680619
1
1
1.001932163
1.002902056
1.323408898
1.015083509
1.301190843
1
2.38590426
1.039049878
1
1
1.005803502
1
1.03265663
1.000420053
1.754667073
1.003360018
1.123195276
1
1.026756622
1
1.269183873
1.001932489
1.001257955
1
1
1.011604382
1.00193263
1.000420053
1
1
1.013527842
1
1.266876889
1.00084031
1.025123135
1
1.010641208
1.021637043
1
1.001449274
1
1.008699079
1.001934765
1.001930495
1.01006786
1
1.024467291
1.002901355
1.002898124
1.004836913
1.001679807
1.000966244
1.180109564
1.020257438
1.000967383
1.010073958
1
1
1.023203152
1
1.000420053
1
1
1.008695922
1.004836913
1.002902148
1.013430316
1
1.510607062
1.005035758
1.004198498
1.003868473
1.003359205
1.005804204
1.006770255
1.000483091
1
1
1
1.013851436
2.346208963
2.345059598
1
1.004811224
1.002415611
1.015917504
1.006756869
1.000420053
1.015470638
1.036640393
1.00386254
1.025115999
1.349363354
1.033151943
1.020274175
1.007738125
1.005307641
1
1
1.00193263
1.005802709
1.004610531
1.004610531
1.007723039
1.158710976
1.014465073
1.011605968
1.000420155
1.028836544
1.081222133
1.76098027
1.621775095
1.650006759
1.579037928
1.22138859
1
1.000967383
1.000840106
1.01006786
1.00084031
1
1.010910812
1.067489365
1
1.000483091
1.316830294
1.002901355
1.009672656
1.002940373
1.007721324
1
1
1.612513521
1
1.004200531
1.003869408
1
1.519664603
1.001934704
1.04489041
1.015927271
1
1.002099758
1
1.0058779
1.184973666
1
1.000966183
1.074325286
1.05743363
1.05746169
1.026386033
1.007553639
1.000483091
1.190983804
1.033311585
1.008385821
1.505584696
1
1
1
1.030952012
1
1.012533296
1.003869002
1.057522773
1
1.036714565
1
1
1.096427271
1.049573417
1.000967383
1.037690326
1.026374872
1.008682934
1
1.006761362
1.016378292
1.000420155
2.070508277
1.002518114
1.007532345
1
1.002902148
1.000967383
1
1.026969199
1.131701248
1
1.347104479
1
1
1
1.013536809
1.001449274
1.005804204
1.035224049
1.001934704
1.008925333
1
1.038681883
1.012580261
1.003356672
1.000840106
1
1.142181919
1.013541719
1.096611298
1.019340941
1.060793758
1.010641208
1.107531086
1.004199006
1.155333793
1.012475705
1
1.081152916
1
1.002900161
1.036429042
1
1
1
1
1
1.00193263
1.006295091
1.542927112
1.002100266
1.002415611
1
1.002520624
1.004829545
1.052199954
1.003869469
1.023139429
1.068972876
1.060677671
1.017364203
1.0274508
1.001680213
1.001934765
1.036719588
1.038685339
1.008685333
1.079184067
1.003868717
1.003869408
1
1.000966183
1.00386953
1.072679963
1
1
1
1.02892705
1
1
1.003868717
1
1.002898244
1.004827351
1
1.094180739
1.018802753
1.183581398
1
1.001680416
1.008400047
1.00483676
1
1.112900314
2.065916203
2.067271108
1.003869408
1
1
1.001934236
1
1.000483091
1
1.71992104
2.303288909
1
1.001678743
1.001932489
1.029520222
1.003867538
1.001934236
1.010641208
1.0269402
1
1.007735441
1
1.202167335
1.005784857
1.001934765
1.011728766
1
1
1.000967352
1.002901355
1.000420053
1.01757612
1.335379432
1.035207684
1.000965715
1
1
1
1.000483325
1.003355045
1
1
1
1.033927673
1
1.027602258
1.025134501
1
1.014238627
1
1.008393952
1
1.038582254
1.052219718
1.000420053
1.060858019
1.10134871
1.000967352
1.009672656
1.018840366
1.011564486
1.017850947
1.002898336
1.000420053
1.043936834
1
1.024529601
1.01878145
1.009672504
1.005804295
1.001934765
1
1.003865556
1
1.013418938
1
1.011334821
1
1.001934704
1.019777399
1.545000573
1
1
1
1
1
1.083860817
1.002415457
1.255137277
1.00483676
1.001680213
1.007736377
1
1.015478121
1
1.000483091
1.013523968
1.072374285
1.001934236
2.765628923
1.878305163
1.15339615
1.001934765
1.133746061
1.007736254
1
1.005801856
1.002900928
1
1
1.212703641
1.008690151
1.011570188
1
1
1
1.005878611
1.007731235
1.023817674
1.00386254
1.022614771
1
1
1.115821423
1.104883102
1.007553499
1
1
1
1
1
1
1
1
1
1
1
1
1
1
1
1
1
1
1
1
1
1
1
1
1
1
1
1
1
1
1
1
1
1
1
1
1
1
1
1
1
1
1
1
1
1
1
1
1
1
1
1
1
1
1
1
1
1
1
1
1
1
1
1
1
1
1
1
1
1
1
1
1
1
1
1
1
1
1
1
1
1
1
1
1
1
1
1
1
1
1
1
1
1
1
1
1
1
1
1
1
1
1
1
1
1
1
1
1
1
1
1
1
1
1
1
1
1
1
1
1
1
1
1
1
1
1
1
1
1
1
1
1
1
1
1
1
1
1
1
1
1
1
1
1
1
1
1
1
1
1
1
1
1
1
1
1
1
1
1
1
1
1
1
1
1
1
1
1
1
1
1
1
1
1
1
1
1
1
1
1
1
1
1
1
1
1
1
1
1
1
1
1
1
1
1
1
1
1
1
1
1
1
1
1
1
1
1
1
1
1
1
1
1
1
1
1
1
1
1
1
1
1
1
1
1
1
1
1
1
1
1
1
1
1
1
1
1
1
1
1
1
1
1
1
1
1
1
1
1
1
1
1
1
1
1
1
1
1
1
1
1
1
1
1
1
1
1
1
1
1
1
1
1
1
1
1
1
1
1
1
1
1
1
1
1
1
1
1
1
1
1
1
1
1
1
1
1
1
1
1
1
1
1
1
1
1
1
1
1
1
1
1
1
1
1
1
1
1
1
1
1
1
1
1
1
1
1
1
1
1
1
1
1
1
1
1
1
1
1
1
1
1
1
1
1
1
1
1
1
1
1
1
1
1
1
1
1
1
1
1
1
1
1
1
1
1
1
1
1
1
1
1
1
1
1
1
1
1
1
1
1
1
1
1
1
1
1
1
1
1
1
1
1
1
1
1
1
1
1
1
1
1
1
1
1
1
1
1
1
1
1
1
1
1
1
1
1
1
1
1
1
1
1
1
1
1
1
1
1
1
1
1
1
1
1
1
1
1
1
1
1
1
1
1
1
1
1
1
1
1
1
1
1
1
1
1
1
1
1
1
1
1
1
1
1
1
1
1
1
1
1
1
1
1
1
1
1
1
1
1
1
1
1
1
1
1
1
1
1
1
1
1
1
1
1
1
1
1
1
1
1
1
1
1
1
1
1
1
1
1
1
1
1
1
1
1
1.008706443
1.007556383
1
1.002519404
1.009828432
1.685093214
1
1.001934765
1.001259549
1.01352966
1
1.004835591
1.013543142
1.001260464
1
1.000967352
1.491415024
1
1.000967383
1.004827714
1.843701068
1
1.082838897
1.008699781
1.029014919
1.105110886
1.586244358
1
1
1.001930495
1.036246508
1
1.008706443
1.002898244
1
1
1
1.001446739
1.00386953
1.00193263
1.041865901
1
1
1.000966183
1.010920061
1
1
1.45826498
1.088858993
1
1
1.010067264
1.012595501
1
1.031359386
1
1.006712721
1.001934236
1.005793434
1.000966447
1
1
1.023360775
1
1
1.00587505
1.001934765
1.086734594
1
1
1.004198501
1.163638884
1.032535572
1
1.004836913
1
1.009671335
1
1.133151776
1.202281236
1
1
1
1
1.016293657
1.004827351
1.066427938
1.037563747
1.003360831
1.133394432
1.014504639
1
1.052135185
1.00251971
1.001930676
1
1
1.007731235
1.058976923
1.001934765
1
1.019345008
1
1
1.02311857
1
1.007737312
1.02319937
1.001259855
1
1.01881862
1
1.035126581
1
1.042523259
1
1
1.044488841
1.038686559
1.011727336
1.003862171
1.023171677
1.002901538
1.00483488
1.040156325
1.08754488
1.000839699
1.135337582
1
1.027579315
1.130166696
1
1.010060543
1.733708592
1.001932082
1.389883124
1.005803594
1.002901538
1.441453345
1
1.017410507
1.005037588
1.017391659
1
1.053402759
1.0212747
1.02634334
1.003868473
1.009235583
1
1.301236834
1.013498388
1.463443568
1.005036979
1.530177441
1.006761362
1.006771678
1.864989967
2.116963709
1.141984098
1
1.121697677
1.003862984
1.004831576
1.002898244
1.008690799
1.002902056
1.000966315
1
1.009663891
1.008810282
1.040558128
1.023189611
1.000840106
1.297271104
1.01547438
1.004827351
1.001932163
1.00193263
1.010067583
1.031411939
1.043365727
2.798420145
2.803967776
1.001260159
1
1.002902056
1.000967383
1.003869469
1.098816015
1
1.115569446
1.000967383
1.005804295
1.009668285
1
1
1.061180947
1.005793682
1.002898244
1
1
1.014500803
2.459175594
1.007721659
1.000420053
1.086971577
1
1.000483091
1
1.003867904
1
1
1
1
1.002902056
1.004828175
1
1
1.071432088
1.054099128
1.011607005
1
1.002520319
1.034797049
1.068528968
1
1.001260464
1.010904203
1.003361238
1.015032138
1.000967352
1.014506773
1
1
1.072104283
1.001934765
1.054204158
1.002520319
1.050905712
1
1.002897939
1.000966244
1
1
1.007738816
1.471330332
1.000483224
1.34076794
1
1
1.000840106
1
1.011605602
1.120929564
1
1.003868595
1.001449671
1.077698634
1.010881748
1.00084031
1.011599016
1
1.003360426
1
1.002519101
1.001449671
1.001932082
1
1
1
1.018353616
1.003868473
1.023211569
1
1.253554643
1
1.006771464
1.011608408
1.012501576
1
1.009669759
1.005804112
1.003869469
1.224870343
1
1
1.01257333
1.026065256
1.001934704
1.050229619
1.001934765
1.015474136
1.541773076
1.004195957
1.517557461
1.06666418
1.013539655
1.001934358
1.000966447
1.046170019
1
1.001928783
1.007738816
1.001934704
1.001934236
1.044022945
1.013018502
1.015113095
1
1.027552497
1.010060548
1.004201039
1.005040639
1.001449274
1.159014141
1.022970493
1.000840106
1.037633372
1.016382789
1
1
1.015467629
1.009668285
1
1.008699872
1.011586055
1.138846041
1
1
1.931557256
1.515861005
1
1
1
1
1.005032319
1.011320889
1.000966183
1.022596051
1.002901538
1.009670623
1.017337129
1.006764206
1.019335655
1.009282408
1.000420053
1
1.001932427
1.45247926
1.014470765
1.015462668
1.19603994
1
1.036751072
1.02899784
1.002902148
1.000967383
1.000967352
1.000967383
1.005785738
1.001679807
1
1
1.000420155
1.799298293
1.000483325
1.006713533
1.002099251
1.017371183
1
1.001934704
1.006771464
1.046010288
1.002896278
1.031890585
1
1
1
1.0109161
1.017338814
1.004827351
1
1.009672656
1.005804112
1.0134701
1.043231935
1.005792557
1.020191546
1
1
1
1.000420053
1.037574967
1.002902148
1
1.519064191
1.005797282
1
1.000419318
1.05025605
1.001260464
1
1.037675921
1
1.000420053
1.000966183
1
1.016759443
1.017601732
1
1.005037698
1
1
1
1.052183495
1
1.001934765
1.020229204
1
1.011577246
1.046370852
1.001934704
1.002898641
1
1.001679806
1.043359278
1.023109161
1.010886432
1
1.012569585
1.020122775
1.001680213
1.041312367
1.004947938
1.000483091
1.007728651
1.004199515
1
1.001449671
1.106468249
1.005802984
1.050095496
1.117677334
1.002519404
1.000483091
1.005880033
1.000966447
1.010071521
1.013537022
1.004836913
1.000483091
1
1.000840106
1.005799854
1.005797282
1.001932427
1.004196465
1.002520624
1.033150125
1
1.000840106
1.002518115
1.676552003
1
1.003865261
1.007727026
1
1.007736377
1.001934765
1
1.05410966
1.038653823
1.128271432
1
1
1.001449671
1.000965715
1.00386953
1
1.019334537
1.002519404
1.00386953
1.007550688
1
1.005789842
1.001449671
1
1.070772847
1.004200024
1
1.005873628
1
1.02348884
1.052113491
1.001932895
1.007733204
1.023193803
1.026085709
1.005784674
1.001930737
1.001934765
1.028895415
1
1.00386953
1.002892777
1.066127583
1.068966576
1.009828432
1.046346616
1.001934704
1.064033708
1.14761111
1
1.707936033
1.022316034
1.001934765
1.216982853
1
1.005804112
1.019331893
1.00193143
1
1.008379717
1
1.029017969
1.027072052
1.008389885
1.002898945
1
1
1.004199516
1.029007905
1
1
1
1
1.05939514
1
1.004612765
1
1.006552288
1.002902056
1.123787736
1
1
1.005875058
1.054389023
1.00084031
1
1.147077874
1
1.001934704
1
1.020247126
1.000483091
1.00193263
1.013543356
1
1.002414288
1.021840123
1.003865089
1.002519404
1.002898244
1
1.025490892
1.001934765
1.001934765
1.006294583
1
1.005803594
1.070940085
1.012589166
1
1.015114313
1
1
1.139227324
1
1.002897939
1.007738938
1.05500658
1.000420053
1.001934735
1.011560253
1.00386953
1
1
1.044615186
1.006771678
1
1.003379722
1
1.017604584
1.003778578
1.001679807
1.000840106
1.047647602
1.028984268
1
1.002901538
1.005801856
1.024584953
1
1.007738938
1.001934765
1.003360831
1
1.001260159
1.021277272
1.028980009
1.063625835
1.029004397
1.568507058
1.035253362
1
1
1
1
1.011601576
1
1.012586348
1
1.007727838
1.000420155
1.000966447
1
1.023067437
1
1.001934358
1
1.014484616
1.059710641
1
1.000420053
1.759194636
1.009611065
1.028976034
1
1.025076239
1.028992656
1.036732916
1.004836913
1.017412611
1.076363296
1.005874179
1
1.005036978
1
1.106806627
1.001259549
1
1.000965426
1.007738125
1
1
1.090771027
1
1
1.001680009
1
1.000967383
1.045365739
1.001934735
1.002898244
1
1.011608408
1.03353419
1.079715738
1.069266691
1
1
1.003869408
1
1.037670238
1.020299488
1.061982289
1.002516973
1.028837136
1.002520014
1
1.253120783
1.013032208
1.001932082
1
1.002519709
1.020111403
1.020030834
1.020045468
1.028958954
1.009668285
1
1.00293824
1.316254452
1.688365483
1.630735712
1.094901969
1
1.015925345
1
1
1.001932082
1
1
1.003868473
1.012595261
1.003868717
1.05123451
1
1.042529415
1
1.011570784
1.010626895
1.000967352
1.062494429
1.008673605
1.015907956
1.000967383
1.000967383
1.002937525
1.005804204
1.000483091
1.020095497
1
1
1
1
1.005802892
1.001934704
1.612673132
1.001934236
1.002518491
1.000967383
1.006293566
1.005799915
1.825052451
1
1
1.023111428
1.018807634
1.417935643
1.165497779
1
1.044870777
1.108750264
1.051506331
1
1
1.006720038
1
1
1
1.024606555
1.969808402
1
1.003868595
1.002901355
1.057204259
1.075895134
1
1.335860175
1.000420155
1.011985654
1.001930676
1
1.020260518
1.050529897
1.026351367
1.028957034
1.003778648
1
1.010638972
1.030170123
1.0477491
1.053861836
1.012589407
1.013384914
1
1.004836913
1.013838883
1
1.017407122
1
1
1
1.005804295
1.030945506
1.017412886
1.298572457
1.002100266
1.012593974
1.002941084
1
1.013023412
1.002887005
1.003867904
1.000967352
1
1.000483091
1.037644467
1.007541331
1.010608304
1.01175722
1.000967352
1.000482246
1
1.148490429
1.000420155
1.005803594
1.025163556
1.016802126
1.000967352
1.001934704
2.299783995
1.013389621
1.004490033
1
1.005879322
1.003869408
1.005791563
1.017310094
1
1.02126061
1.021279508
1.00386953
1.043433331
1.017353716
1.033905693
1.023896259
1.001934358
1.017551287
1
1.000483091
1.002940373
1.003864448
1
1.007737312
1
1.001680009
1.000965426
1.023019353
1.012589407
1.263254417
1.006759015
1
1.001678743
1.006768191
1
1.009673673
1.002900928
1.092268521
1.02514851
1.009673826
1
1.02678264
1.028985036
1.067157293
1.022167558
1.006760652
1.019336875
1.004201548
1.11051195
1.033338381
1
1.020172739
1.004821956
1
1.004826843
1.024530392
1
1
1.000966315
1
1.0212395
1.011608408
1.011608408
1
1.001934236
1.001260464
1.000967383
1.001678743
1.068603857
1.088942883
1
1.000419318
1.005804204
1.001932489
1.00483056
1.035937661
1
1.000420053
1
1.000420053
1.005872917
1.015467629
1
1.000967383
1.002519709
1
1.005038807
1.002100774
1.008379721
1.054625859
1
1.000840106
1.021308425
1.057782901
1.007553646
1
1.002416119
1.027784926
1.010136162
1.118855321
1.029001347
1.021627583
1.000967383
1.031867772
1.00754923
1.011608408
1.002898641
1
1.003358799
1.210010235
1
1.057672152
1.000964493
1.037587593
1
1.000966244
1.089587797
1
1.000966447
1.046407035
1.003358392
1
1.127483778
1.017590677
1.01547438
1.005798426
1.043176488
1
1
1
1.005040638
1.000420053
1.00251971
1.081451695
1
1
1
1
1
1
1.001934236
1.015944645
1.843835087
1.013534389
1
1.023975954
1.001679807
1.654814702
1.002902148
1.015079832
1.001448573
1.085941508
1
1.118791965
1.004196857
1.050291734
1.000967352
1.053382996
1.007738003
1.025102573
1.002901355
1.017610236
1.042589872
1.43463438
1.04448961
1
1
1.000967352
1.000840106
1.002414288
1
1.075079578
1.126416311
1.005804204
1
1
1.002519099
1.003869469
1.03673562
1
1.057661308
1
1.00386953
1
1
1.081038106
1.019342975
1.006711096
1.09043721
1.119934708
1
1
1
1
1
1
1
1.017412611
1.473484139
1.04390476
1.028508345
1.006719224
1.81525903
1.00084031
1.022644035
1
1.008657176
1.057503665
1.002902056
1.003359206
1
1.001260464
1.001257955
1
1.021273135
1.001934704
1.000483224
1.003360831
1.000966447
2.60130325
1.000966183
1.036198806
1.008389887
1
1.017630519
1.000840106
1.088906802
1.941540554
1
1.034789363
1.049153084
1
1
1
1.0985747
1.01932254
1
1
1.007731235
1.001934765
1.001448573
1.001928518
1.000967352
1.001934704
1
1.109219575
1
1
1
1.004462126
1.015087483
1.011602979
1.008684762
1.020184391
1.005800636
1.001934704
1.043034135
1
1.007729242
1
1.00193263
1.009673826
1.047504088
1
1.001449274
1.000967352
3.355657063
1.00483676
1.005036979
1.005038808
1.786185056
1.008706168
1.276174251
1.020478103
1.065182794
1.001449671
1.027074044
1.037714945
1
1.738030716
1
1.002520624
1
1.05881095
1.130033291
1.142796518
1.054152927
1.042531508
1.001934358
1.007738125
1
1.063702055
1.005790267
1
1.152657982
1.147267681
1
1.001680416
1.000967383
1.015446418
1.003779565
1.005880744
1
1
1.003869408
1.007737434
1.135988159
1
1.048990678
1
1.018341454
1.001934765
1
1
1
1.225942019
1.132204205
1
1
1
1.038946422
1.005801306
1.003856346
1.009669149
1.030359144
1.040522757
1.001934704
1.027537092
1.00579384
1
1.007738816
1.010114928
1