1
1.177447029
3.137127894
1.209233833
1.219605724
1.126206496
1.1400412
1.462978449
1.174690092
1.031491883
1.572067934
1.008748733
1.015437953
1.659784346
1.016817904
1.017607761
1.037599281
1.724152927
1.018817782
1.692909264
1.044771859
1.018799835
1.010892315
1.757926688
1.739913708
1.745397034
1.726103795
2.240975916
2.123189693
1.082983993
1.013391298
1
1.003359205
1.001446739
1.007241792
1.050016465
1.010050781
1.006721663
1.003775909
1.003380433
1.008396998
1.007544073
1.002091901
1
1
1.09590416
1.000839699
1.000483224
1
1
1.880573707
1.062511232
1.010916098
1.00084031
1.001685146
1.036356928
1.005046595
1
1.001449366
1
1
1.003359206
1
1.044761462
1.005877188
1.005037588
1
1
1.005032726
1
1
1
1.000483224
1.006762569
1
1
1.000420155
1.039343097
1.003033263
1.000967383
1.000966447
1
1
2.037726561
1.097200142
1.03165103
1.000483224
1
1.002303475
1
1
1.000483224
1.000483224
1.000420155
1.000420155
1
1.000967383
1.000483224
1.005798115
1
1
1.006720036
1
1
1
1
1.00404435
1
1
1.000483224
1
1.000483224
1
1
1
1.00084031
1.000420155
1
1
1
1.010073772
1.00084031
1
1.004392836
1.00672085
1
1
1.000967383
1
1
1.060705684
1.012582832
1.000420155
1
1
1.006761148
1
1
1
1.000483224
1
1
1.000420155
1.001348117
1
1.001680619
1.00084031
1.107502682
1.015093588
1
1.00084031
1
1
1
1
1
1
1
1
1
1.000966447
1
1
1.00084031
1.000420155
1
1
1
1
1
1
1
1
1
1
1
1
1
1
1
1
1.000966447
1
1.000420155
1
1
1
1.016360632
1
1
1
1
1.000420155
1
1
1
1.000966244
1.000483091
1
1
1
1
1
1
1
1.000840106
1
1.000483224
1
1.000420155
1
1
1.006719225
1
1
1
1.000420053
1.000483224
1.00084031
1
1
1
1
1
1
1
1.005055438
1
1.001260464
1
1
1
1
1
1.000420155
1
1
1
1
1
1
1.000483224
1
1.781432455
1.106265659
1.034258607
1
1
1
1
1
1
1.008926414
1.000483091
1.000483091
1
1
1.000674058
1
1.000483224
1
1.012781607
1.000420155
1
1
1
1
1
1
1.00084031
1
1
1.008813128
1.000420155
1.000420155
1.000966447
1.002098743
1
1
1
1
1
1
1
1
1
1
1.046765195
1.012116566
1
1
1
1
1.0050382
1
1.003033263
1.001932489
1
1.002898641
1
1.460525868
1.033401052
1.005055438
1
1
1
1
1.002696233
1.025098133
1.008683068
1.00419799
1.002696233
1.002518491
1
1
1.499298163
1.062610542
1.013529265
1.003360019
1.02458945
1.007728896
1.001680213
1.005797282
1
1
1
1.742438727
1.048830403
1.010073963
1.002694928
1
1
1.004829899
1.003033263
1.00251591
1.002358062
1
1
2.155176336
1.056058103
1.007728896
1.003864042
1.002359204
1
1.002100266
1
1.021519681
1.004835591
1.003781393
1.00193094
1
1.494936015
1.064774953
1.004197483
1
1.001682198
1.007551669
1
1.002520319
1.001680619
1
1
1.384094314
1.037489353
1
1.004198499
1.001680212
1.008699171
1.001259855
1
1.002196418
1.005789525
1.000483091
1
1.005030601
1.005037588
1.017850951
1
1
1.943682557
3.225324849
2.085720366
1.016344468
1.001678743
1.097463609
1.174302381
1.145350253
1.11243174
1
1.184981783
1.205553205
1.162388947
1.175427152
1
1.1082617
1.126314357
1
1.456076168
1.897856649
1.162283442
1.040586736
1
1.005794844
1.011601759
1.003359613
1.343211783
1.053398666
1
1.028870382
1.010136873
1.001932489
1
1.001932082
1.366827316
1.058934
1
1.021326102
1.001679807
1.417300964
1.085595678
1
1.015422345
1.418351611
1.041373936
1.441109731
1.065082047
1.00193263
1.002100774
1.042332358
1
1.3484151
1.046344252
1.033835837
1.000483091
1
1.000966447
1.000840106
1.450491595
1.060580501
1.000483224
1
1.005803502
1
1
1.588291125
1.065709125
1.009540588
1
1
1
1.003868473
1.001930852
1
1.030053224
1.001258939
1.000483224
1
1.001932163
1.427092546
1.050056238
1
1
1.000966447
1
1
1.001934358
1.000420155
1.00193263
1
1.000966759
1
1.040162805
1
1
1.000420053
1.001962082
1.001449366
1
1.00084031
1
1.003360425
1
1.00503121
1
1.000483224
2.473275919
1.667619356
1.083124483
1.003033263
1
1.004463207
1.001260464
1.000966315
1.000420155
1
1.043119327
1
1
1.000966447
1.001449671
1.000967352
1.00084031
1
1.001447206
1.001934358
1.001260464
1
1.012795908
1
1.378592146
1.066107047
1.00293824
1
1
1.026712438
1.000483091
1
1.002020406
1
1
1.000966447
1.001449366
1.001934765
1.000483224
1.002897123
1.000420155
1.24929546
1.061341124
1.003360019
1
1.000966244
1.018822071
1.000483091
1
1.183446795
1.053997999
1
1.189955304
1.038298329
1.00084031
1
1.231595507
1.064965039
1.01254351
1.21055516
1.043926963
1.003861881
1
1
1.013804831
1.211889859
1.037532995
1.000482246
1.025409222
1.195241928
1.032775604
1.000420155
1.000420155
1.221934073
1.063428026
1
1
1
1
1.001449366
1
2.417328428
1.370186614
1.039004423
1.023194125
1
1.02606682
1
1
1
1
1.201152299
1.040179788
1
1.016287769
1
1.011437877
1
1.200435737
1.036282628
1
1
1
1.014791192
1.030147024
1
1.021382573
1
1.000482246
1.176923625
1.044791701
1.000483224
1.173550008
1.032251225
1.014776019
1.000483224
1.018880699
1.203736766
1.055095205
1.012560436
1.000483224
1.012523967
1.040534929
1.164226632
1.032183776
1
1.183152044
1.030145109
1.024546024
1.000840106
1.016347421
1.021386026
1
1.156578983
1.037695984
1
1.043948284
1.004826843
1
1.009229991
1
1.000840106
1
1
2.43999985
1.49659392
1.086537005
1.000966447
1.173790656
1.01747462
1
1.201998595
1.036098957
1.182143644
1.038914725
1.194066576
1.020918835
1
1.160741648
1.046253126
1
1.000483224
1.160801643
1.036137338
1.158085766
1.026227112
1.166996
1.02823773
1.013407557
1.203313766
1.041460453
1.000483224
1
1.000966244
1
1.004350415
1
1
1
2.529818527
1.402783404
1.050686854
1.003380433
1.257963023
1.044744768
1.004345357
1.068999011
1.150135017
1.023431934
1.000420155
1
1.017355495
1.025083903
1
1.201697715
1.04515104
1
1.015077449
1.000420155
1
1.170989126
1.035160798
1
1.195410691
1.036116651
1
1.035112439
1.03634089
1
1
1
1.005795269
1
1
1
2.56235902
1.351742932
1.033157405
1
1.190094985
1.033894103
1
1.000420155
1.013137776
1.177959609
1.037619791
1
1
1.025942504
1.049715976
1.027626866
1.031616372
1.031376373
1.168826967
1.033938626
1
1
1.002898124
1.00483056
1
2.343977475
1.373590688
1.060524805
1
1.00386953
1
1.001932895
1.191395596
1.031350387
1
1.027633062
1.160461805
1.036061829
1.00084031
1
1.154684456
1.031757181
1.208342397
1.053681668
1.161790749
1.032857358
1.027514479
1.043918979
1.174365998
1.030208994
1
1.000420155
1
1
2.452553179
1.380300776
1.040111483
1
1.038960261
1
1.014129142
1.180511051
1.032649937
1
1
1.025544617
1
1.186992413
1.033894097
1.185541556
1.041250448
1.037700438
1.007070761
1.040177295
1.187873248
1.040408891
1
1.163784144
1.030235884
1
1
1.02665327
1
1.001932489
1.001932895
1
1.002901355
1.321239296
1
1
1.001934765
1.147934318
1.008810993
1.00967164
1
1.755733444
1.062691849
1.000966183
1
1.000966447
1.000966183
1.006728793
1.038335523
1
1.013540296
1.001259549
1
1.001934765
1
1.013540509
1.002901538
1.606590161
1.008188905
1
1.000840106
1.011578573
1
1.202156896
1.000483224
1.000966447
1.009670471
1.062206758
1.034747708
1.000967383
1
1.010103523
2.157642626
1
1.006768191
1
1
1.023141849
1.001348117
1.006711907
1.000965426
1.008704064
1
1.061753058
1.000965715
1
1.004462126
1.015467385
1.005804112
1.091344615
1.005266305
1.001450138
1.005382026
1
1.004381379
1.000840208
1.010068081
1
1.00126016
1.000483091
1.147916614
1.148278766
1
1
1
1
1.001934765
1.019282978
1
1.989509485
1.000967352
1.226760778
1.021389499
1.001934704
1.002902148
1.000966244
1.038607873
1.000840208
1.001934704
1.005879321
1.001680416
1.001680213
1
1.004463207
1.176342688
1.094220322
1
1.001934704
1.040153511
1.008400047
1
1.031339366
1.006059751
1.131940708
1
1.003867036
1.001680619
1
1.286049292
1.005804112
1.057196904
1.198658495
1.138597795
1.005797633
1.017850666
1.008395981
1.001934358
1.001449366
1.040583526
1.02606682
1.004462126
1.006711903
1.032802024
1.01879946
1.039051346
1.002901538
1.004199006
1.004200531
1.006272666
1.000420053
1.002901538
1
1.002902148
1
1.006728793
1.032708647
1.100153688
1.030942253
1
1.000967383
1.007406363
1
1.011078896
1.036199944
1.032928032
1
1.066558048
1.019337688
1
1.022370965
1.063839532
1
1.001757559
1.008699855
1
1
1.000420155
1.001934765
1.004836913
1.040589155
1
1.000967383
1
1.002100266
1.045358299
1.098236863
1
1
1.033510768
1
1
1.013536595
1
1.023571409
1.072616398
1
1.007241285
1.004830407
1.057943844
1
1.007737434
1.003357892
1.005387247
1
1.003869469
1.005392467
1.002520624
1
1.001933518
1.004836913
1
1
1.006759511
1.010534858
1.011603528
1.001934704
1.017338065
1.002099251
1
1.176478189
1.000420053
1.03287165
1.050232792
1.017392912
1.000420053
1.756323009
1.205219327
1.177587355
1.023180461
1.003865617
1.023196406
1.00084031
1.025143224
1.000966447
1
1.013540082
1.010052002
1.069462834
1.010148835
1.000839699
1
1.009668844
1.01547438
1
1
1.00586619
1.007221087
1.007221087
1.004462126
1.001932895
1.119329957
1.052030716
1.04335893
1.023214375
1
1
1.0072423
1.000420053
1
1.545983897
1
1.000966315
1.062512515
1.001934236
1.006711091
1.005803502
1.000674058
1.073512189
1.001934704
1.004200024
1
1
1.007737434
1
1.095851339
1.031850165
1.002901538
1.00084031
1
1
1
1
1.025142827
1
1.05261127
1.002902148
1.001260464
1.006146997
1.000966315
1.235801932
1.006734688
1.277762117
1.004199007
1
1.000420053
1
1.003357486
1.010640872
1
1
1
1.119845133
1
1.127122771
1.000840106
1.094764756
1
1.861961522
1.037607395
1
1.853421272
1.017384064
1.000420053
1
1
1.04645499
1
1
1.013023412
1.002694928
1.004620586
1
1
1.002100266
1.031786943
1
1
1
1
1.031724409
1.110760629
1.002902148
1.473221532
1
1.004338602
1.112985285
1
1.023138931
1.005871494
1.001260159
1.001260159
1.005803502
1.063703116
1.050281161
1
1.003367029
1.000420053
1.091581982
1.01061682
1.483448373
1.000965715
1.013509201
1.005799416
1.017410782
1
1.010064014
1.006771464
1.021272799
1
1.000967352
1.002902056
1.138373059
1.001934765
1.017412886
1.010641208
1.312057488
1.066682885
1
1.034806375
1.079306196
1
1.049925552
1
1
1.001680619
1
1
1.001932163
1.002902056
1.323408898
1.015083509
1.322257227
1
2.38590426
1.040164984
1
1
1.005803502
1.001011088
1.03265663
1.000420053
1.754667073
1.003360018
1.123195276
1
1.021181452
1
1.269183873
1.001932489
1.001257955
1
1.004831763
1.011604382
1.00193263
1
1.003033263
1.003033263
1.013527842
1
1.266876889
1.00084031
1.025123135
1
1.010641208
1.021637043
1
1.001449274
1
1.005794688
1.001934765
1.001930495
1.007462405
1
1.024467291
1
1.002898124
1.004836913
1
1.000966244
1.180109564
1.020257438
1
1.010073958
1
1
1.023203152
1
1.000420053
1
1
1.008695922
1.004836913
1.002902148
1.008783548
1
1.533033889
1.00483212
1.004198498
1.003868473
1.003075729
1.005804204
1.006770255
1.000483091
1
1
1
1.013851436
2.346208963
2.345059598
1.006282612
1.004811224
1.002415611
1.015917504
1.006756869
1
1.015470638
1.015768328
1.00386254
1.025115999
1.349363354
1.033151943
1.020274175
1.007738125
1.005307641
1
1
1.00193263
1
1
1.004610531
1.007723039
1.1408268
1.014465073
1.003954509
1.000420155
1.02749958
1.081222133
1.76098027
1.621775095
1.557830044
1.579037928
1.189409187
1
1
1.000840106
1.01006786
1
1
1.00746421
1.067489365
1.026148309
1.000483091
1.316830294
1
1.009672656
1
1.004037276
1
1
1.612513521
1
1.004200531
1.003869408
1
1.519664603
1.001934704
1.060137854
1.015927271
1
1
1
1.0058779
1.184973666
1
1.000966183
1.074325286
1.05743363
1.05746169
1.026386033
1.007553639
1.000483091
1.198299452
1.033311585
1.008385821
1.505584696
1
1
1
1.030952012
1
1.012533296
1.001933518
1.057522773
1
1.011410328
1.007469627
1
1.096427271
1.049573417
1
1.037690326
1.026374872
1.008682934
1
1.006761362
1.016378292
1.000420155
2.070508277
1.002518114
1.007532345
1.001933518
1.002902148
1.000967383
1
1.026969199
1.131701248
1
1.322766727
1.006758291
1
1
1.013536809
1.001449274
1.005804204
1.035224049
1.001934704
1.001307697
1
1.038681883
1.012580261
1.003356672
1.000840106
1
1.142181919
1.013541719
1.096611298
1.019340941
1.060793758
1.010641208
1.107531086
1.004199006
1.155333793
1.012475705
1
1.081152916
1
1.002900161
1.036429042
1
1
1
1
1
1.00193263
1.006295091
1.542927112
1.002100266
1
1
1.002520624
1.004829545
1.052199954
1.003869469
1.017885125
1.060041339
1.060677671
1.01278351
1.0274508
1
1.001934765
1.036719588
1.011117728
1.009654766
1.026086033
1.003868717
1
1
1
1.00386953
1.072679963
1
1
1
1.026932228
1
1
1.003868717
1
1.002416897
1.004827351
1
1.094180739
1.018802753
1.183581398
1
1.001011088
1.008400047
1.00483676
1
1.112900314
2.065916203
2.067271108
1
1
1
1
1
1
1
1.837548066
2.303288909
1
1.001678743
1.001932489
1.028190856
1.003867538
1.001934236
1.010641208
1.024800917
1
1.007735441
1
1.202167335
1.005784857
1.001934765
1.011728766
1
1
1.000967352
1
1.000420053
1.01757612
1.335379432
1.035207684
1.000965715
1
1.041113482
1
1.000483325
1.00350812
1
1
1
1.033927673
1
1.034172015
1.025134501
1
1.014238627
1
1.008393952
1
1.038582254
1.052219718
1
1.060858019
1.10134871
1.000967352
1.003075729
1.018840366
1.011564486
1.017850947
1.002898336
1.000420053
1.043936834
1.007467822
1.024529601
1.012751809
1.003383656
1.005804295
1.001934765
1
1.003865556
1
1.013418938
1
1.011334821
1
1.001934704
1.015708261
1.545000573
1
1
1
1
1
1.083860817
1.002415457
1.255137277
1.00483676
1.001680213
1.007736377
1
1.015478121
1
1.000483091
1.013523968
1.072374285
1.001934236
2.765628923
1.878305163
1.15339615
1.001934765
1.133746061
1.007736254
1
1.005801856
1.002900928
1.129439816
1
1.156819746
1.008690151
1.011570188
1
1
1
1.005878611
1.007731235
1.023817674
1.00386254
1.022614771
1
1
1.115821423
1.097773232
1.007553499
1
1
1
1
1
1
1
1
1
1
1
1
1
1
1
1
1
1
1
1
1
1
1
1
1
1
1
1
1
1
1
1
1
1
1
1
1
1
1
1
1
1
1
1
1
1
1
1
1
1
1
1
1
1
1
1
1
1
1
1
1
1
1
1
1
1
1
1
1
1
1
1
1
1
1
1
1
1
1
1
1
1
1
1
1
1
1
1
1
1
1
1
1
1
1
1
1
1
1
1
1
1
1
1
1
1
1
1
1
1
1
1
1
1
1
1
1
1
1
1
1
1
1
1
1
1
1
1
1
1
1
1
1
1
1
1
1
1
1
1
1
1
1
1
1
1
1
1
1
1
1
1
1
1
1
1
1
1
1
1
1
1
1
1
1
1
1
1
1
1
1
1
1
1
1
1
1
1
1
1
1
1
1
1
1
1
1
1
1
1
1
1
1
1
1
1
1
1
1
1
1
1
1
1
1
1
1
1
1
1
1
1
1
1
1
1
1
1
1
1
1
1
1
1
1
1
1
1
1
1
1
1
1
1
1
1
1
1
1
1
1
1
1
1
1
1
1
1
1
1
1
1
1
1
1
1
1
1
1
1
1
1
1
1
1
1
1
1
1
1
1
1
1
1
1
1
1
1
1
1
1
1
1
1
1
1
1
1
1
1
1
1
1
1
1
1
1
1
1
1
1
1
1
1
1
1
1
1
1
1
1
1
1
1
1
1
1
1
1
1
1
1
1
1
1
1
1
1
1
1
1
1
1
1
1
1
1
1
1
1
1
1
1
1
1
1
1
1
1
1
1
1
1
1
1
1
1
1
1
1
1
1
1
1
1
1
1
1
1
1
1
1
1
1
1
1
1
1
1
1
1
1
1
1
1
1
1
1
1
1
1
1
1
1
1
1
1
1
1
1
1
1
1
1
1
1
1
1
1
1
1
1
1
1
1
1
1
1
1
1
1
1
1
1
1
1
1
1
1
1
1
1
1
1
1
1
1
1
1
1
1
1
1
1
1
1
1
1
1
1
1
1
1
1
1
1
1
1
1
1
1
1
1
1
1
1
1
1
1
1
1
1
1
1
1
1
1
1
1
1
1
1
1
1
1
1
1
1
1
1
1
1
1
1
1
1
1
1
1
1
1
1
1
1
1
1
1
1
1
1
1
1
1
1
1
1
1
1.008706443
1.007556383
1
1.002636339
1.009421712
1.685093214
1
1.001934765
1
1.01352966
1
1.004835591
1.013543142
1
1
1.000967352
1.180064504
1
1.000967383
1.004827714
1.843701068
1
1.082838897
1.008699781
1.029014919
1.105110886
1.586244358
1
1.009663526
1
1.036246508
1
1.008706443
1.002416897
1
1
1
1
1
1.001011088
1.041865901
1
1
1.000966183
1.010920061
1
1
1.45826498
1.078631728
1
1
1.010067264
1.012595501
1
1.031359386
1
1.006712721
1.001934236
1.005793434
1.000966447
1
1
1.023360775
1
1
1
1.001934765
1.032906443
1
1
1.004198501
1.163638884
1.032535572
1
1.004836913
1.001933518
1.003867036
1
1.133151776
1.185672093
1
1
1
1
1.016293657
1.004827351
1.066427938
1.037563747
1.003360831
1.133394432
1.014504639
1
1.052135185
1.00251971
1.001447206
1
1
1.007731235
1.058976923
1
1
1.019345008
1
1
1.02311857
1
1.007737312
1.02319937
1.001259855
1
1.01881862
1.005052991
1.035126581
1
1.042523259
1
1
1.044488841
1.038686559
1.011727336
1.003862171
1.023171677
1.002901538
1
1.040156325
1.085886044
1.000839699
1.135337582
1
1.027579315
1.130166696
1.015779799
1.010060543
1.6110929
1.001932082
1.583979865
1.005803594
1
1.441453345
1
1.017410507
1.005037588
1.017391659
1
1.053402759
1.0212747
1.02634334
1.003868473
1.009235583
1
1.301236834
1.013498388
1.383683183
1.005036979
1.530177441
1.00404435
1.006771678
2.930900101
2.116963709
1.141984098
1
1.121697677
1.003382945
1.004831576
1.002416897
1.004040435
1.002902056
1.000966315
1.004824019
1.009663891
1.008810282
1.024134374
1.023189611
1.000840106
1.297271104
1.01547438
1.004827351
1.001932163
1.00193263
1.010067583
1.031411939
1.043365727
3.283613992
2.803967776
1
1
1.002902056
1.000967383
1.003869469
1.098816015
1
1.115569446
1
1
1.009668285
1
1
1.061180947
1.005793682
1.002898244
1
1
1.014500803
2.459175594
1.004375017
1.000420053
1.086971577
1
1.000483091
1
1
1
1
1
1
1.002902056
1
1
1
1.071432088
1.054099128
1.011607005
1
1.002520319
1.013168573
1.068528968
1
1
1.008783548
1.003361238
1.015032138
1.000967352
1
1
1
1.045131535
1.001934765
1.054204158
1.002520319
1.050905712
1
1.002897939
1
1
1
1
1.471330332
1.000483224
1.34076794
1
1
1
1
1.011605602
1.120929564
1
1.003868595
1.001449671
1.067141112
1.010881748
1.00084031
1.011599016
1
1
1.001011088
1
1.001449671
1.001932082
1
1
1
1.007074187
1.003868473
1.006149971
1
1.167136655
1
1.006771464
1.011608408
1.012659929
1
1.009669759
1.005804112
1.003869469
1.233908035
1
1
1
1.026065256
1.001934704
1.050229619
1.001934765
1.015474136
1.747070708
1.004391774
1.720764064
1.06666418
1.013539655
1.001934358
1.000966447
1.046170019
1
1.001928783
1.007738816
1.001934704
1
1.044022945
1
1.015113095
1
1.027552497
1.010060548
1.004201039
1.005040639
1.001449274
1.159014141
1.022970493
1.000840106
1.037633372
1.016382789
1.002021196
1.010091309
1.015467629
1.009668285
1
1.008699872
1.011586055
1.138846041
1
1
2.060068189
1.515861005
1
1
1
1
1.005032319
1.011320889
1.000966183
1.022596051
1
1.009670623
1.015464892
1.006764206
1.019335655
1.008073796
1.000420053
1
1.001348117
1.45247926
1.014470765
1.015462668
1.092591
1
1.036751072
1.02899784
1.002902148
1
1.000967352
1.000967383
1.005785738
1
1
1
1
1.799298293
1.000483325
1.006713533
1.002099251
1.017371183
1
1.001934704
1.006771464
1.046010288
1.002896278
1.031890585
1
1
1
1.006403554
1.017338814
1.004827351
1
1.009672656
1.005804112
1.012092407
1.043231935
1
1.020191546
1
1.004711557
1
1
1.037574967
1
1
1.519064191
1.005797282
1
1.000419318
1.05025605
1.001260464
1.003021183
1.019309531
1
1.000420053
1.000966183
1
1.016759443
1.017601732
1
1.004040813
1
1
1
1.052183495
1.004349501
1.001934765
1.020229204
1
1.006391156
1.046370852
1.001934704
1.002898641
1
1.001679806
1.039559547
1.023109161
1.008392175
1
1.00873731
1.020122775
1.001680213
1.041312367
1.003507695
1.000483091
1.007728651
1.004199515
1
1
1.106468249
1.002636339
1.050095496
1.127041199
1.002519404
1
1.005880033
1.000966447
1.010071521
1.013537022
1.004836913
1.000483091
1
1.000840106
1.005799854
1.005797282
1.001932427
1.004196465
1.002520624
1.033150125
1
1.000840106
1.002518115
1.676552003
1
1.003865261
1.007727026
1
1.007736377
1
1
1.05410966
1.038653823
1.106935338
1
1
1
1.000965715
1.00386953
1
1.019334537
1.002636339
1.00386953
1.007550688
1
1.003700143
1
1
1.049744781
1.004200024
1
1.005873628
1
1.02348884
1.052113491
1.001932895
1.007733204
1.023193803
1.026085709
1.005784674
1.001930737
1.001934765
1.028895415
1
1.00386953
1.002892777
1.094734938
1.068966576
1.009421712
1.046346616
1
1.064033708
1.14761111
1
1.707936033
1.022316034
1.001934765
1.196034095
1
1.005804112
1.019331893
1.00193143
1
1.0087793
1
1.029017969
1.027072052
1.008389885
1.002898945
1
1.006384957
1.003033263
1.029007905
1
1
1
1.004391774
1.035017103
1
1
1
1.006733057
1.002902056
1.123787736
1
1
1.005875058
1.054389023
1
1
1.147077874
1
1.001934704
1
1.020247126
1.000483091
1.00193263
1
1
1.002414288
1.021840123
1.003865089
1.002519404
1.002898244
1
1.051978115
1.001934765
1
1.006294583
1
1.005803594
1.070940085
1.012589166
1
1.014974401
1
1
1.139227324
1
1.002897939
1.007738938
1.05500658
1
1.001934735
1.011560253
1.00386953
1
1
1.044615186
1.006771678
1.00168433
1
1
1.017604584
1.003778578
1.001679807
1.000840106
1.047647602
1.028984268
1
1.002901538
1.005801856
1.024584953
1
1.007738938
1
1.003360831
1
1.001260159
1.021277272
1.028621764
1.072374999
1.029004397
1.568507058
1.036835847
1
1
1
1
1.011601576
1
1.008781424
1
1.007727838
1
1.000966447
1
1.023067437
1
1
1
1.007890403
1.059710641
1
1
1.759194636
1.009611065
1.01097147
1
1.025076239
1.028992656
1.011863526
1.004836913
1.017412611
1.054177985
1.003700836
1
1.005036978
1
1.106806627
1
1
1.000965426
1.007738125
1
1.009669302
1.090771027
1
1
1.001680009
1
1.000967383
1.045365739
1.001934735
1.002898244
1
1.011608408
1.03353419
1.079715738
1.069266691
1
1
1.003869408
1
1.037670238
1.020299488
1.061982289
1.002516973
1.028837136
1.002520014
1
1.253120783
1.013032208
1
1.002696233
1.002519709
1.020111403
1.020030834
1.020045468
1.028958954
1.009668285
1
1
1.327166917
1.688365483
1.630735712
1.094901969
1
1.015925345
1
1
1.001932082
1
1
1.003868473
1.009656953
1.003868717
1.050115862
1.001011088
1.042529415
1
1.011570784
1.006283933
1.000967352
1.062494429
1.009635213
1.015907956
1.000967383
1.000967383
1.002937525
1.005804204
1
1.020095497
1
1
1
1
1.005802892
1.001934704
1.535154775
1.001934236
1.002518491
1.000967383
1.006293566
1.005799915
1.825052451
1
1
1.023111428
1.018807634
1.417935643
1.165497779
1
1.044870777
1.108750264
1.051506331
1
1
1.006720038
1
1
1
1.019530596
1.969808402
1
1.003868595
1
1.066518151
1.075895134
1
1.195712934
1.000420155
1.011425082
1.001930676
1
1.020260518
1.050529897
1.026351367
1.028957034
1.003778648
1
1.010638972
1.030170123
1.041195453
1.053861836
1.012589407
1.013384914
1
1.004836913
1.013838883
1
1.005712068
1
1
1
1.005804295
1.030945506
1.017412886
1.298572457
1.002100266
1.012593974
1.002941084
1.003383656
1.013023412
1
1.003867904
1.000967352
1
1
1.037644467
1.007541331
1.010608304
1.01175722
1.000967352
1.000482246
1
1.148490429
1.000420155
1.005803594
1.025163556
1.016802126
1.000967352
1.001934704
2.421686994
1
1.003362765
1
1.005879322
1.003869408
1.005791563
1.017310094
1
1.02126061
1.021279508
1.00386953
1.043433331
1.017353716
1.033905693
1.024239005
1.001934358
1.017551287
1.010597473
1.000483091
1.002940373
1.003864448
1
1.003075729
1
1.001680009
1.000965426
1.023019353
1.00842573
1.247512607
1.006759015
1
1.001727606
1.006768191
1
1.009673673
1.002900928
1.092268521
1.02514851
1.009673826
1
1.020538878
1.015800376
1.067157293
1
1.004381379
1.019336875
1
1.11051195
1.03220246
1
1.020172739
1.004578192
1
1.004826843
1.024530392
1
1
1.000966315
1
1.0212395
1.011608408
1.011608408
1
1.001934236
1.001260464
1.000967383
1.001727606
1.054114274
1.088942883
1
1
1.005804204
1.001932489
1.00483056
1.320602238
1.003033263
1.000420053
1
1
1.005709306
1.015467629
1
1
1.002519709
1
1.003954509
1
1.008379721
1.054625859
1
1
1.021308425
1.04369474
1.007553646
1
1.002416119
1.029556445
1.010136162
1.118855321
1.029001347
1.021627583
1.000967383
1.031867772
1.00754923
1.011608408
1.002898641
1
1.003358799
1.210010235
1
1.057672152
1
1.037587593
1
1.000966244
1.089587797
1
1.000966447
1.046407035
1.003358392
1
1.138181227
1.017590677
1.01547438
1.005798426
1.043176488
1
1
1
1.005040638
1
1.00251971
1.081451695
1
1
1
1
1
1
1.001934236
1.015944645
1.843835087
1.005710687
1.003383656
1.023975954
1.001679807
1.566562544
1
1.015079832
1
1.090172171
1
1.118791965
1.003455213
1.050291734
1
1.053382996
1.007738003
1.025102573
1
1.017610236
1.039561416
1.43463438
1.038625303
1
1
1
1.000840106
1.002414288
1
1.075079578
1.126416311
1.005804204
1
1.007744167
1.002519099
1.003869469
1.03673562
1
1.056014367
1
1.00386953
1
1
1.046458093
1.019342975
1.006711096
1.08946632
1.119934708
1
1
1
1
1
1
1
1.017412611
1.473484139
1.04390476
1.028508345
1.006719224
1.78760474
1.00084031
1.022644035
1
1.015689561
1.057503665
1
1.003359206
1
1.001260464
1
1
1.021273135
1.001934704
1
1.003360831
1.000966447
2.60130325
1.000966183
1.036198806
1.008389887
1
1.014046478
1
1.086723315
1.941540554
1
1.034789363
1.049153084
1
1
1
1.03669583
1.01932254
1.005272678
1
1.007731235
1.001934765
1.001448573
1.001928518
1.000967352
1
1
1.109219575
1
1
1
1.004462126
1.01842262
1.011602979
1.008684762
1.020184391
1.005800636
1.001934704
1.043034135
1.004716125
1.007729242
1
1.00193263
1.009673826
1.04832532
1
1
1.000967352
3.355657063
1
1.005036979
1.005038808
1.195231607
1.008706168
1.276174251
1
1.065182794
1.001449671
1.027074044
1.037714945
1
1.738030716
1
1.002520624
1
1.04726137
1.130033291
1.074393503
1.054152927
1.042531508
1.001934358
1.007738125
1
1.063702055
1.005790267
1
1.152657982
1.146493473
1
1.001011088
1.000967383
1.015446418
1.003779565
1.005880744
1
1
1
1.007737434
1.135988159
1
1.048990678
1
1.018341454
1.001934765
1
1
1
1.225942019
1.132204205
1
1
1
1.038946422
1.005801306
1.003856346
1.009669149
1.030359144
1.040522757
1
1.027537092
1.00579384
1
1
1.010114928
1